  0  2  3  0      0  4 13  2      0  3 22  4      0  4 15  3      0  2 16  4      0  1 15  2      0  5  7  1      0  1  9  5      0  2 17  1      0  2 14  2      0  3  6  2      0  3  8  3      0  3  6  3      0  2  8  3      0  2 15  2      0  0  3  2 
  3 19  4  0     13 11 10 19     22 21 22 11     15 13 18 21     16 14 18 13     15 15 17 14     12  8 22 15      9  9 17  8     17 14 13  9     14 21 12  9      6 22 22 21      8 11  8 22      6 14 18 11      8 16 22 14     15  7  9 16      3  0  3  7 
  4 18  4  0     10 13  7 18    22 11 12 13    18 20  7 11     18  7 22 20     14 20 17  7     22 14 21 20     10 13 21 14     16 14 16 13      8 16 14 14     22 18 14 16      8 20 10 18     18 20 21 20    22 18 22 20     9  6  8 18      3  0  3 18 
  4  8  1  0     14 22 20  8     12 20 11 22      7 12 22 20     22 10 17 21     17 22 15 10     21 22 19 22     21 10 21 22     16  9 18 10     14 18 20  9     14 12 12 18     10 16  7 12     21  6 19 16     22  6 18  9      8 12  7  6      3  0  1 12 
  1 14  4  0     20 16 13 14     11  7 20 16     22 12 16  7     17 22 12 12     15 15 21 22     19 22  7 15     21  8  9 13     18 14 20  8     20 13 10 14     12 15  9 13      7 19 21 15     19 15  9 19     18 19 14 15     10 18 13 19      1  0  2 18 
  4 15  2  0     13 16 17 15     20 13 17 16     16  6 19 13     12 10  8  6     21 20 11 10      7  7 17 20      9 11 19  7     20 16 17 11     10  7 21 17      9 20  7 18     21 19 10 20      9 12 11 11     14 13 15 12     13 21  9 13      2  0  5 21 
  2 21  1  0     17 19 10 21     17 16 17 19     19  9 14 16      8 18 19  9     11 18 13  7     17 19 20 18     19 11 16 19     17 22 21 11     21 21 11 22      7 13 11 21     10 15  6 13     11 18 13 15     15  7 18 18      9 20 12  7      5  0  5 20 
  1  7  2  0     10 15 17  7     17 11 18 11     14 17  6 11     19 17  6 17     13 10 21 17     20 22 14 10     16 20  8 22     21 15 18 20     11 12 19 15     19 17 21 12      6 19 12 17     13 18 15 22     18 18 10 18     12 19 17 18      5  0  1 19 
  2 17  5  0     17 12 14 17     18 14 22 12      6 11 11 14      6 21 21 11     21  8  9 21     14 12 13  8     8  9  9 12    18  8 20  9     19 21 21  8     10 14 10 21     12  9 21 14     15 17 18  9      8 11 15 17     17 16 22 11      1  0  4 16 
  5 22  3  0     14 11 11 22     22 14 10 11     11 13 10 14     21  7 20 13      9 13 19  7     13 13 18 13      9 12  8 13     20  9 19 17     20 17  8  9     10  6 19 17     21  6 18  6     18 16 20  6     15 16 17 16     22 19 16 16      4  0  4 19 
  3 15  2  0     11 11 10 15     10  8 11 11     10 10  6  8     20  7 22 10     19 10 12 19     18 12 22 10      8 14 12 12     17  7 12 14      8 16 15  7     19  9 10 16     18  7 21  9     20 18 19  7     17  8 16 14     16 21 13 19      4  0  1 21 
  2 10  5  0     10 13 19 10     11 14 12 13      6  6 10 14     22 16 13  6     12 16  6 16     22  8 13 16     12 16 11 21     12 14 10 16     15  7  7 17     10 17 15  7     21 12 10 17     19 11  6 12     16  9 10 11     15  9  8  9      1  0  5  9 
  5 16  4  0     13 19 12 16     12 18 20 19     10 15 15 18     13  8  6 15      6 19  6  8     13 15  6 19     11 20 11 15     10  9  7 20      7 12 17 12     15 16  6 12     10 22  7 16      6  8  8 22     10 11 16  8      8  9  9 11      5  0  5  6 
  4 15  1  0     12 12 20 15    20  9 21 12    15 15 15  9      6 13 13 15      6  8 22 19      6 16  8  8     11  7 22 16      7 11  6  7     17  9 10  6      6 22 21  9      7 19 17 22      8 17  8 11    16 21 15 17     9 16 14 21      5  0  5 16 
  1  9  1  0     20 14 20  9     21 13 19 14     15 11 14 20     13  7  7 20     22  9  7  7      8  6  6  9     22 18 19  6      6 17 20 18     10 12 13 17     21  6 14 20     17  8 13  6      8 18 14  8     15  6 12 18     14 11 20  6      5  0  4 11 
  1  3  0  0     20  5  0  3     19  3  0  5     14  5  0  3      7  2  0  5      7  1  0  2      6  1  0  1     19  4  0  1     20  4  0  4     13  3  0  4     19  2  0  3     13  5  0  2     14  4  0  5     12  5  0  4     20  1  0  5      4  0  0  1 
