  0  3  2  0      0  2  8  3      0  5  7  2      0  3 14  5      0  3  8  3      0  3 18  3      0  5 22  3      0  5  6  5      0  1 19  5      0  4 15  1      0  3 19  4      0  5 19  3      0  2 13  5      0  3 19  2      0  3  7  3      0  0  1  3 
  2 17  5  0      8  9 20 17      7  7 22  9     14 20 17  7      8 14 22 20     18  6 17 20     22 19 22 21      6 22 18 19     19  6  8 22     13 17 10 12     19 20 18 17     15 12 12 20     13  7  7 20     19 17 22  7      7 21  9 18      1  0  2 21 
  5  7  1  0     20 13 21  7    22 11 12 13    17 22 21 11     22 21  6 22     17 10  7 21     22  7 16 10     18 10 13  7      8 11 11 10     10 15 11 11     18 10 15 15     12 19 19 10      7 20 18 19    22 18 22 20     9 15 17 18      2  0  2 15 
  1 19  4  0     21 21  8 19     12 10 17 21     14 21 12  9      6 18  6 21      7 22 20 18     16 13  6 22     13 15  6 13     11 14 20 15     11 16 19 19     15 16 17 16     19  9 14 16     21 21  8  9     22 10 17 21     17 15  7 10      2  0  1 15 
  4 18  4  0     15  7 18 18     17 15  7  7     12 16  7 22      6 16 12 16     20 13 17 16      6 17  8 13      6 11 14 17     20  6 14 11     19 12 17  6     17 22 12 12     14 10 20 22      8  6 12 10     17 19 17  6      7  9 11 19      1  0  1  9 
  4 13  2  0     18 15 22 13      7 19 21 15      7  9 13 19     12 11 11  9     17 16 22 11      8 10 11 16     14 11 13 10     14 12 13 11     17 18 12 19     12 22 10 18     20  7 12 22     12 18 20 19     10 18 18 18     11  6 14 18      1  0  1  6 
  2 14  2  0     22 12 18 14     21  8  9 13     13 16 22  8     11  7 20 16     22 10 20  7     11 16  9 10      7 12 10 16     13  8 14 12     12  7  6  8     10 15 17  7     12 14 13 15     20 16 13 14     18 10 16  9     14 20 13 10      1  0  5 20 
  2 16  4  0     18  9 22  6      9 11  8  9     22 14 10 11     20  9 20 14     20  7 18  9      9 20 12  7     10 18  8 20     14  8  8 18      6  6  9  8     17  9 10  6     13 13 21  9     13 13 18 13     16 14 16 13     13  9 17 14      5  0  1  9 
  4 13  3  0     19 12 16 13      8 14 12 12     10 21 10 14     20 22 14 21     18 14 16 22     12 12 18 14     8  9  9 12     8 18 19  9      9  6  8 18      8 10 10  6     21 20 11 10     18 20 21 20      9 14 18 20     17 17 12 14      1  0  2 17 
  3 22  4  0     16 11  7 22     12 19 15 11     10 21 17 19     14 12  9 21     16 11 21 12     18 13  7 11      9 12  8 13     19 17 21 12      8 11 15 17     10 19 13 11     11 22 14 11     21 10 21 22     18 13 19 10     12 15  9 13      2  0  3 15 
  4 12  5  0      7 12 17 12     15 16  6 12     17 19 17 16     10 10 13 19     21 17 13 10      7 12 14 17      8 22 15 12     21 22 11 22     15 15 21 22     13 16 17 15     14 14  8 16     21 13 19 14     11 21  7 13      9  6 22 21      3  0  3  6 
  5 14  4  0     17  8 16 14      6 19  6  8     17 10  6 19     13 21 14 10     13 19 16 21     14 15 18 19     15 15  9 15     11 18 13 15     13 16 14 18     17 11 20 16      8 17  8 11     20  7  7 17      7 11  6  7     22 12 20 11      3  0  1 12 
  4 19  4  0     16 21  6 19      6 14 20 21      6  6 10 14     13 10 15  6     16 12 14 10     18 15  6 12      9 19 19 15     13 16  6 19     20  8 22 16     20  9 18  8      8  9 15  9      7 20 10  9      6 18 16 20     20  7 11 18      1  0  2  7 
  4 11  5  0      6 12 19 11    20  9 21 12    10 16 19  9     16 22 19 16     14  8 16 22      6 15 13  8     19 22  7 15      6  8  8 22     22  8 11  8     18 14 20  8     15 15 17 14     10 17 22 15    16 21 15 17    11  6 21 21      2  0  3  6 
  5 21  2  0     19 10 20 21     21  9 16 14     19 17 20  9      8  9  9 17     16 15  7  9     13 15  6 19      7  8 16 15      8  6 16  8     11 11 14  6     20 11 15 11     17 11 18 11     22 21 21 11     15 18 20 21     21 15 13 18      3  0  4 15 
  2  3  0  0     20  5  0  3     16  5  0  5     20  5  0  5      9  1  0  5      7  2  0  1     10  5  0  2     16  4  0  5     16  1  0  4     14  4  0  1     15  2  0  4     18  1  0  2     21  4  0  1     20  4  0  4      8  1  0  4      4  0  0  1 
