  0  1  3  0      0  4 15  1      0  1 21  4      0  1  9  1      0  4 16  1      0  1 14  4      0  5  7  1      0  2 13  5      0  5  7  2      0  5 20  5      0  4 12  5      0  3 22  4      0  5 19  3      0  1 19  5      0  2  7  1      0  0  3  2 
  3 19  2  0     21 21  8 19     21 11 22 21     14 12 13 11     16  7 22 12     14 20 17  7      7 18  9 20     13 13 13 18      7 18 10 13     20 19 12 18     12 16 13 19     22 11 17 16     19  7  9 11     19 17 22  7      7 12 14 17      3  0  1 12 
  2  8  3  0      9 13 21  8    22 11 12 13    13 10 14 11     22 19 16 16     17 16 17 19      9 18 10 16     13 16 14 18     10 22  7 16     10 18 12 22     13 15 11 18     17  8 11 15      9 20 17  8    22 18 22 20    14 16 22 18      1  0  2 17 
  3 18  3  0     21 15 13 18     12 12 20 15     14 13 15 12     16 14 16 13     20  8 18 14     10 11 16  8     14 20 15 11      7 12 22 20     12 18 14 12     11  6 14 18     11 11 14  6     17 22 21 11     22 21  6 22     22 21 10 21      2  0  5 21 
  3  8  3  0     13  6 17  8      8 12  7  6     15  9 13 12     16 15  7  9     18 19 14 15     16 21 13 19     15  7 19 21     22  9  7  7     14 21 12  9     14 12  9 21     14 10 16 12     21 17 19 10      6 17 19 17     10  6 19 17      5  0  5  6 
  3  7  3  0     10 15 17  7      7  8 16 15     13  9 12  8      7 20 10  9     14 20  9 20     13 21  7 20     19 16 21  6      7 12 10 16     12 17 22 12      9 10  6 17     16 19  9 10     19 10 12 19     19 13 11 10     19 20 18 17      5  0  3 20 
  3  6  3  0     17 20 18  6     16 11  7 20     12 19 15 11     10 10 13 19      8 11 11 10      7  9 20 12     21 21  8  9     10 14 10 21     22 20  8 14      6 18 16 20     13 19 10 18     12 17  6 19     10 12 13 17     18 15  6 12      3  0  4 15 
  3  6  2  0     18  6 21  6      7  7 11  6     15 19 22  7     13 16  6 19     12 16  6 16     20 11 15 11      8 22  8 11     10 17 21 22      8  9  9 17     16 14 21  9     21 13 19 14      6 22 16 13     13  8  6 15      6 19  6  8      4  0  1 19 
  2 17  5  0     21 12 19 17     11 11  9 12     22 21 22 11     22 19 22 21      6 22 18 19     15 12  8 22     8  9  9 12     8  9 15  9     15 17 18  9     21 12 10 17     19 17 18 12     16 20 13 17      6 14 11 20      6  6 10 14      1  0  1  6 
  5  9  1  0     19 17 20  9      9  8 18 19     22 16 20  8     22  8 13 16     18 14  8  8      8 16 14 14      9 10 11 16     15 15 18 10     18 14 22 12     10 20 22 14     13 10 14 20     13  7 11 18     11 18 20  7     10 18 18 18      1  0  2 18 
  1  9  5  0     20  9 18  8     18  7 21  9     20 13  7  7     13 15  6 13     16 17 16 15     14 15 15 17     11 11 10 15     18 11 17 11     22 14 11 11     20 16 13 14     14 17  8 16     11 21  7 13     20 18 20 21     18 15  7 18      2  0  3 15 
  5 14  4  0     18 20  9 14     21  6 14 20      7 22 10 20      6  8  8 22     16 22 14  8     15 15 21 22     10  7 21 17     17 20  7  7     11 22 12 20     13 18 15 22      8 20 10 18     19  7  9 13     20 18 19  7      7 22 20 18      3  0  5 22 
  4 18  4  0      9 22  6 18     14 21 20 22     10  6  8 10      8 22 19  6     14 10 11 22     21 20 11 10     21 15 18 20      7  7 17 15     12 17 12  7     15 13 16 17     10 15  6 13      9 19 19 15     19 11 16 19     20 16 17 11      5  0  5 16 
  4  8  1  0      6 12 10  8    20  9 21 12     8  6  6  9     19 13 15  6     11  8  9  9     11  8 17  8     18  9  6  8     17 14 13  9     12 12  8 14     16 11 21 12      6 12 19 11     14 17 17 12    16 21 15 17    14 10 13 21      5  0  2 10 
  1 15  2  0     10 17 22 15     21 17 13 10      6 11 14 17      7 22 16 11     21  9  6 22     14 16 19  9      6 12 15 16     13  8 14 12      8  6 16  8     21 21 11  6     19 10 20 21     17 15  7 10     15  9 15 15     13 13 21  9      2  0  4 13 
  2  3  0  0     19  4  0  3     13  3  0  4     14  5  0  3     16  4  0  5     20  4  0  4     19  4  0  4     15  2  0  4     14  2  0  2     16  4  0  2     11  5  0  4     20  1  0  5      7  2  0  1     15  2  0  2     21  1  0  2      4  0  0  1 
