  0  3  2  0      0  3  7  3      0  3  8  3      0  5 22  3      0  3 20  5      0  4 13  3      0  5 14  4      0  1 19  5      0  1  6  1      0  1  9  1      0  2 21  1      0  1 15  2      0  2  7  1      0  3 19  2      0  3  6  3      0  0  1  3 
  2 17  1  0      7 14 20 17      8 16 22 14     22 18 14 16     20  9 14 18     13 12 15  9     14 17  7 12     19 20 18 17      6 18 16 20      9 22  6 18     21 22 19 22     15 15 21 22      7 18 18 15     19  6 22 18      6  9  8  6      1  0  5  9 
  1 14  4  0     20 13 10 14    22 11 12 13    14 17  6 11     14 13  9 17     15 12 14 13      7  6  8 12     18  6 21  6     16  8  8  6      6 15 13  8     19 22  7 15     21 11 17 22     18 20  7 11    22 18 22 20     8 20 10 18      5  0  5 20 
  4 16  1  0     10 10 13 19     12 19 19 10      6  8 22 19      9 20 17  8     14 18 11  6      8 16 15  7     21  6 19 16      8 18  9  6     13 15 11 18      7 19 21 15     17  6 17 19      7  7 11  6     22  9  7  7     10 11 16  9      5  0  4 11 
  1 12  3  0     13 17 10 12     19 17 16 17     22 15 10 17     17 14 15 15     11 20  6 14     15 12 12 20     19 17 18 12      9 10  6 17     11 22 14 10     21  6 22 22     17 20 18  6     11 22 12 20      7 19 17 22     16 16 22 19      4  0  5 16 
  3 18  3  0     15 17  8 11     16 22 11 17     10 17 21 22     15 13 16 17      6 22 16 13     12 18 14 22     18 10 18 18      6  8 10 10     14 12 13  8     22 20  7 12     18  7 22 20     12 17 12  7     17 12 14 17     22 10 18 12      5  0  3 14 
  3 22  4  0      8 11  8 22     11 10  8 11     21 22 21 10     16 20  8 22     16 11  7 20     14 12 13 11     18 14 12 12     10 20 22 14     13 21  7 20      7 13 11 21     19 16 21 13     12 16  6 16     14 17  8 16      6 19 12 17      3  0  5 19 
  4 18  4  0      8 20  9 18      8 14 22 20     21 20 22 14      8 18 14 20      7 21  9 18     13 19 14 21     12 10  8  6     22  7 16 10      7 17 15  7     11 18 11 17     21 15 13 18      6 12 18 15      8 22 15 12     12 12 17 22      5  0  4 12 
  4 15  1  0      9  8  9 15     10 11 16  8     22 14 11 11     14  8 16 14      9 21 21  8     14 12  9 21     8  9  9 12    16  9 18 10     21 19 10 20     11 16 19 19     13 14 20 16     18 20 19 12      9 19 17 20     17 21 12 19      4  0  1 21 
  1  9  5  0      9 17  8  9     16 20 13 17     11 15 11 20     16  6 12 15     21 17 10  7      8 13  6 17      9 12  8 13     18 19  7 20     10 18 13 19     19  9  8 18     20  7 18  9     12 16 13 19     16 12 14 10     12  8 14 12      1  0  4  8 
  5  6  5  0      8  8 22  6     13 16 22  8     11 21 12 16     12  9 14 21     10 14  6  6      6 11 11 14      8 17  8 11      7 10 15 17     13 21 14 10      8 19 21 21     18 19 14 15     13 11 10 19     14 20 15 11     14 20  9 20      4  0  4 20 
  5 21  2  0     22 21 21 11     22 11 22 21     12 19 15 11     14  8  8 18      6 19  6  8     11  6 12 19     19 13 16  6     15  6 13 13     14 20 21  6     21 15 18 20      6 19 13 15      9 10 16 19     15 15 18 10      9 19 19 15      4  0  1 19 
  2 17  5  0     20  7  7 17     22 10 20  7     15 11 11 10      8  9  9 11      6 22 21  9     12 16  7 22     16 11  7 22     13 10 14 11     21 17 13 10     18 13  7 11     13 13 18 13     16 14 16 13     18 13 16 14     19  7  9 13      1  0  5  7 
  5 16  5  0      7 12 10 16    20  9 21 12    11 19  7  9      9 14 16 19     21  9 16 14      7 20 10  9     11 10 21 20     14 10 21 10     13  7 18 10      7 20 13  7     18 20 21 20     16 17 11 20    16 21 15 17     9 13 13 21      5  0  2 13 
  5  7  2  0     10 17 15  7     21 12 10 17      7  9 20 12     16 15  7  9     16 17 16 15     10  6 19 17     13 10 15  6     21 17 19 10     18  9 15 17     13 21  8  9     21 11  6 21     11  9 12 11     15 15 15  9     22 13 18 15      2  0  4 13 
  2  3  0  0     15  2  0  3     10  5  0  2     20  1  0  5      7  2  0  1     16  4  0  2     19  4  0  4     15  3  0  4     19  4  0  3     15  2  0  4      8  3  0  2      6  2  0  3     14  2  0  2     15  2  0  2     18  1  0  2      4  0  0  1 
