  0  1  3  0      0  2  7  1      0  1 15  2      0  5 20  1      0  1  9  5      0  4 15  1      0  3 22  4      0  1 12  3      0  5  9  1      0  3 20  5      0  4 13  3      0  5 14  4      0  5 20  5      0  5 16  5      0  3 14  5      0  0  2  3 
  3 19  2  0      7 20 18 19      8 14 22 20     20 15 11 14      9 15 15 15     15 21 22 15     22 21 10 21     12 19 17 21      9 14 16 19     20 16 13 14      7 12 10 16     14 17 17 12     20  7  7 17     16 10 22  7     14  6  6 10      2  0  3  6 
  2 10  5  0     18 13 19 10    22 11 12 13    11 10  8 11     15  6 12 18     22 22 21  6     10 20  7 22     17  7 14 20     16 14 16 13     13  9 17 14     10 16 19  9     17 11 20 16      7 20 16 11    22 18 22 20     6 21  6 18      3  0  5 19 
  5  7  2  0     22 12 16  7     12 17 22 12      8 11  8 17     15 11 20 11     21  7 13 11      7 17 15  7     14 15 15 17     11 12 19 15     17 13 10 21     19 12 16 13     20 11 22 12     16  8 10 11     22  8 11  8      6 19  6  8      5  0  4 11 
  2 21  1  0     12 16 11 21     22 14  8 16      8 16 14 14     20 13 17 16     13 13 18 13     15 11 18 13     15 17  8 11     11 18 11 17     10 18 18 18     16 20  6 18     22 14 21 20     10 20 22 14     11 10 21 20      6 19 17 10      4  0  1 19 
  1 19  5  0     11 16 19 19     21  6 19 16     14 20 21  6     17  8  9 20     18 14 20  8     18 13 16 14      8 14 12 13     11 11 22 14     18 13  7 11      6 22 16 13     21 11 17 22     22 21 22 11     21 11 22 21     17 16 22 11      1  0  4 16 
  5  6  5  0     19 13 15  6     19 17 16 17     21 22 10 17      9  7  7 22     20 13 21  7     16  6 19 13     12 15 16  6      6 13 10 15      9 12  8 13     16  6 16 12     17  8 13  6     22  6  8  8     22 21  9  6     22 19 22 21      4  0  3 19 
  5 21  2  0     15 13 18 21     16 17 15 13     10 12 13 17     22 19 16 16     21 15  7 19     19 22  7 15     16  8  8  6     10 10  6  8      8  6 12 10     19 13 11 10     13 21  9 13      8 19 21 21     11  6 12 19     22 18 19  6      3  0  3 18 
  2 17  1  0     18 12 19 17     15 12 14 13     13 11 14 12     16  9 10 11      7 20 10  9      7 12 22 20     8  9  9 12     6  8 18  9     12  7  6  8     11 18 20  7      9 20  7 18     21 19 10 20     12 18 20 19     14  8  8 18      3  0  3  8 
  1  6  1  0     19 12 17  6     14 10 16 12     14 11 13 10     10 15 11 11     10 14 10 21     22 12 18 14      9 14 21 12     18 11  6 14      6  7  7 11     20 13  7  7      7 18 10 13     10 15 15 18     20 13 10 14      8  6 15 13      3  0  3  6 
  1 21  4  0     17 10  7 21     16  9 18 10     13 21  8  9     11  7 22 16     10 15 17  7     18 20 21 15     18  6 17 20      6 18  9 22      7 22 20 18      7 19 17 22     10 12 19 19     14 17  7 12      8 16 14 17     15  7  9 16      3  0  3  7 
  4 15  2  0      7 10 17 15     18 12 22 10      8 22 15 12     22 14 10 11     17  6 11 14     21 21 11  6     17 19 10 21      9  8 18 19     20 10 18  8     17 22 15 10     19  6  8 22     14 11 20  6     14  6 11 11      9  8  6  6      3  0  2  8 
  2 17  5  0     17  8  9  9     22 16 20  8     15  7  8 16      9 11 19  7     11  9 12 11     11  8  9  9     20  9 18  8     18  7 21  9     18 18 15  7     15 22 13 18      8 13 16 22     19 17  6 17     16 15 16 17      6 13 13 15      2  0  4 13 
  5  7  1  0      9 21 21  8    20  9 21 12     8  9 15  9     19 17 20  9     12  7 12 17      9 20 12  7     18 17 19 20     21 12 10 17     15  9 13 12     13 19  7  9     16 21 13 19      6 17  9 10    16 21 15 17    13 19 14 21      4  0  4 19 
  1  9  1  0     21 14 12  9     21  9 16 14     15 17 18  9     20 14 20  9     12 12  8 14     12 18 14 12     19 19 15  9     10 10 13 19     13 21 14 10     12 20 15 12     21 20 18 20      9 14 18 20     15 18 19 14     14 16 22 18      4  0  2 16 
  1  4  0  0     12  5  0  4     16  4  0  5     18  4  0  4     20  4  0  4      8  1  0  4     14  4  0  1     15  3  0  4     15  2  0  3     14  2  0  2     15  2  0  2     18  1  0  2      7  2  0  1     13  5  0  2     22  3  0  5      2  0  0  3 
