  0  1  3  0      0  5  9  1      0  3 14  5      0  3  7  3      0  3  6  3      0  5 19  3      0  2 17  5      0  5  7  2      0  1  9  5      0  5  7  1      0  5 16  5      0  2 13  5      0  1  7  2      0  4 15  1      0  3 19  4      0  0  2  3 
  3 20  5  0      9 18  8 20     14 16 22 18      7 22 12 16      6 18  9 22     19  7 20 18     17 20  7  7      7 22 10 20      9  7  7 22     22 16 11  7     12 16  6 16     21  6 19 16      7  7 11  6     15 19 22  7     19 15  9 19      2  0  4 15 
  5 21  2  0      9 13 13 21    22 11 12 13    12 19 15 11      9 14 21 12     20 13 10 14      7 18 10 13     21 15 13 18      7  8 16 15     11  8 22  8      6 12 10  8     18 20 19 12     11 22 12 20    22 18 22 20    17 19 20 18      4  0  4 19 
  2 16  4  0     13 16 14 16     12 14 10 16     15 15 17 14     21 22 15 15     10 18 12 22     10  6  8 10     13 13 15  6     16  6 19 13     22 18 19  6     10 16  9 18     19 19 11 16     16 21 13 19     22 21 10 21     20 22 14 21      4  0  3 22 
  4 12  5  0     14 17 17 12     10  6 19 17     17  9 10  6     15 15 15  9     12 12 20 15      8 22 15 12     15 10 17 22     19 13 11 10     19  7  9 13      9 20 12  7     11 10 21 20     13 21 14 10     10 12 13 17     14 21 13 19      3  0  4 15 
  5 16  4  0     17 11 20 16     19 12 16 13     10 16  7 12     15  7  9 16     20 10  9  7     15 11 11 10     17  8  9  9     11  8 17  8      9 21 21  8      9  6 22 21     21 21 11  6     15  7 19 21     12 22 20  7     13 18 15 22      4  0  4 18 
  4 16  1  0     20 13 17 16     16 22  8 13      7 19 17 22      9  8 18 19      9 13 21  8     11 21  7 13     17 19 10 21     17 21 12 19     21 11 22 21     22 14 10 11     11 13 10 14     19 10 18 13     17 15  7 10      7 18 18 15      4  0  1 14 
  1 19  5  0     17 16 17 19      8 10 11 16     20 22 14 10     21 22 19 22     21  6 22 22     14 20 21  6     10 18  8 20     14  8  8 18     22 16 20  8     19  9 14 16     10 11 16  9     18 11 17 11      7 20 16 11     18 20 21 20      1  0  5 20 
  5 20  5  0     17  7 14 20     11 18 20  7     14 22 12 18     19 16 16 22     22 11 17 16     21 12 16 11     8  9  9 12     8  9 15  9     20 17  8  9     14 17  6 11     16 15 16 17     17  8 11 15     16 22 14  8     21 11 17 22      5  0  4 11 
  5  6  5  0     14 18 11  6     20  9 14 18     12  8 13  9     16 19  9 10     17 20  9 19      6 18 16 20      9 20  7 18     15 11 14 20      8  9  9 11      6  8 18  9     16 14 17  8     11 11 22 14     14  6 11 11     17 19 17  6      4  0  4 20 
  5 14  4  0     11 20  6 14      9 20 14 20     13  7  7 20      9 11 19  7     18 13 15 11     16 14 18 13     20 16 13 14     14 21  9 16      9 18  7 21     18 10 18 18     17 21 22 10     22 11 22 21     11 10  8 11     17 21 12 10      4  0  1 21 
  4  8  1  0      6 19  6  8     14 15 18 19      9 13 12 15     19 10 10 13     15 17  7 10     18 12 19 17     13 11 14 12      9 12 11 11      7 12 17 12     18 15  6 12      7  7 17 15     22 20 18  7      8 14 22 20     12  9 21 14      1  0  1  9 
  1 12  3  0      6  8  8 22     18 14 20  8     12 13  8 14     10 21 17 13      8 19 21 21     19 10 12 19     14  6  6 10     11  6 12 19     17  8 13  6      6 16  8  8     17 15 13 16     18 10 15 15     22  7 16 10     21 17 10  7      1  0  2 17 
  3  6  2  0      8 12  7  6    20  9 21 12     8  6  6  9     17 20 18  6     21 15 18 20     12 14 13 15      6 12 15 16     12 17 22 12      7 12 14 17      8 14 12 12     13  9 17 14     15 17 18  9    16 21 15 17    10 14 10 21      2  0  2 14 
  2 21  1  0      7 20 13 21     21 19 10 20      6  8 22 19     20 11 15 11     18 13  7 11     13 13 18 13     15  6 19 13     22 16 13  6     14 14  8 16     12 12 18 14     17  6 19 12     21  6 18  6     15 13  8  6     10 15  6 13      2  0  2 15 
  1  4  0  0     13  2  0  4     10  5  0  2     22  3  0  5     15  2  0  3      7  1  0  2      6  1  0  1     19  4  0  1     13  3  0  4      8  3  0  3     18  3  0  3     19  2  0  3     18  1  0  2     15  2  0  1      8  3  0  2      2  0  0  3 
