  0  3  2  0      0  5 22  3      0  5 20  5      0  1  9  5      0  4 15  1      0  4 18  4      0  5 16  4      0  2 10  5      0  4 13  2      0  2 16  4      0  5 21  2      0  3 14  5      0  4 13  3      0  3 22  4      0  3  7  3      0  0  1  3 
  2 17  5  0     22 12 12 17     20 11 22 12     19  7  9 11     15  7  7 17     18 10 13  7     16 19  9 10     10 18 13 19     13 15 11 18     16  6 12 15     21 10 14 10     14 20 13 10     13 21  7 20     22 19 22 21      7  9 13 19      1  0  5  9 
  5 14  4  0     12 13  8 14    22 11 12 13    10 15 11 11      7 18 18 15     16 20  6 18      9 18  8 20     13 15 12 14     11 12 19 15     12 18 14 12     14 16 22 18     13 19 12 16      7 20 18 19    22 18 22 20    13 13 13 18      5  0  2 13 
  4 11  5  0      8  9  9 11     12  8 13  9     11 11 10  8     18 11 17 11      6 14 18 11      8  6 15 13     12 18 14 22     15 22 13 18     14 11 11 22     22 14 10 11     12 12  8 14     18 20 19 12     22 15 10 17     13 16 17 15      2  0  3  6 
  5  7  1  0     14 20 17  7     13 17 16 20     10 12 13 17     17  6 19 12     18  6 21  6      8  8 22  6     13 14 20 16     13  9 17 14     13 13 21  9     10 14 11 13      8 16 14 14     19 22  7 15     10 17 21 22     17 12 14 17      3  0  1 12 
  1 19  4  0     17 22  7 19     16 20  8 22     13  7  7 20     20 10  9  7     21 20 11 10     22 14 10 20     20 21  6 14     17 10  7 21     21 22 21 10     11 22 21 22     14 21 20 22      7 13 11 21     21 14 12  9      6  6 10 14      1  0  1  6 
  4 15  3  0      7  8 16 15      8 18 14  8      7 22 20 18      9  7  7 22     12 10 16  7     10 13 19 10      6 12 18 15      7  9 20 12     21 21  8  9     21 11 22 21     20 16 17 11     11  7 22 16     17 20  7  7     10 18  8 20      1  0  2 18 
  3 19  2  0     16 16 22 19     14 18 13 16     20  9 14 18      7 10 15 17      8  6 12 10     19 16 21  6     22 14  8 16     20  8 18 14      8  6 16  8     22 16 13  6     17 16 15 16     22 11 17 16      7  6  8 12      8 10 10  6      2  0  2 14 
  2  8  3  0     22 19  6  8     13 11 10 19     14 17  6 11     15  7 10 17     12 17 12  7     21 12 10 17     8  9  9 12    18 10 16  9     16 12 14 10     13 11 14 12     15 11 20 11     17 22 21 11      8 13 16 22     10 15  6 13      2  0  1 15 
  3 15  2  0      6 13 13 15     10 21 17 13      6 22 22 21     10 18 12 22     12 19 17 18     10 12 19 19      9 14 21 12     16 19  9 14     14 21 13 19     14 10 13 21     20 21 19 10     21 11  6 21     16  9 10 11      6 17  9 10      1  0  2 17 
  2 21  1  0     13 19 16 21     17  6 17 19     22 21  9  6     12 19 17 21     17 10  6 19     19  6 22 18     21 15 18 20      9 19 19 15     13 16  6 19     13 16 14 16      7 22 12 16      6 18  9 22     10 18 18 18      9 20  7 18      2  0  2 15 
  1  9  1  0     16 14 21  9     17  7 12 14      9 16 15  7     17 19 17 16      6  8  6 19     22  8 11  8     18 19  9  8     19 11 16 19      6 12 19 11     14 15 18 19     12  8 22 15      9 20 17  8     18  6 17 20      7  7 11  6      2  0  5  7 
  1 19  5  0     21 15  7 19     12 12 20 15     15  9 13 12     17  8  9  9      6  6  9  8     11 11 14  6      9 12 11 11     16  6 16 12     19 13 15  6     18 21 15 13     22 15 15 21     17 14 15 15     17  8 16 14     11 16  8 10      5  0  5 16 
  5 20  1  0      7 12 22 20    20  9 21 12    13 21  8  9      9 18  7 21      9  6  8 18     14 11 20  6     11  7 20 16     16 10 22  7     15 15 18 10     15  9 15 15     15  9  8  9     15 17 18  9    16 21 15 17     8 19 21 21      5  0  5  6 
  1  7  2  0     22 10 20  7     21 17 19 10      8 13  6 17      7 11 18 13      8 17  8 11     20  9 19 17     20 14 20  9     22 20  8 14     18 20 21 20     18 17 19 20      8 11 15 17     18 20  7 11     15 11 14 20     21 12 16 11      5  0  4 12 
  2  3  0  0     20  5  0  3     19  3  0  5      6  3  0  3     18  3  0  3      8  3  0  3     19  4  0  3     20  4  0  4      8  1  0  4     21  4  0  1     19  4  0  4     15  2  0  4      7  1  0  2     14  4  0  1     16  1  0  4      4  0  0  1 
