  0  1  3  0      0  5  9  1      0  2 13  5      0  4 13  2      0  1 19  4      0  4  8  1      0  1 21  4      0  4 16  1      0  4 20  4      0  2 16  4      0  3  6  2      0  1 12  3      0  5  7  1      0  2 10  5      0  2 15  2      0  0  3  2 
  3 19  4  0      9  8 18 19     13 16 22  8     13 16 14 16     19  9 14 16      8  6  6  9     17 19 17  6     16 16 22 19     20  8 22 16     16 15  7  8      6 12 18 15     12 18 14 12      7 21  9 18     10 21 22 21     15 13 18 21      3  0  4 15 
  4 13  3  0     18 13 13 13    22 11 12 13    14 20 15 11     14 11 13 10      6 14 18 11     17  8 16 14     22  8 11  8     22 19  6  8      7 20 18 19     18 20 21 20     17  7 14 20      9 20 12  7    22 18 22 20    18 18 10 18      4  0  4 18 
  3 18  3  0     13 19 10 18     12 17  6 19     15 13 16 17     13 15  6 13     18 19 14 15     16  9 10 11     11  8  9  9      6 12 10  8     18 20 19 12     21 15 18 20     14  6  6 10     12 15 16  6     22 13 18 15     10 14 20 13      4  0  1 14 
  3 22  4  0     10 18 12 22      6 17 20 18     16 20 13 17      6 18 16 20     14  8  8 18     10 16 19  9      9 20  7 18     10 21 17 13     19 14 21 13     18 13 16 14      6 17  8 13     16 22 11 17     18 14 16 22     13  9 17 14      1  0  1  9 
  4 12  5  0     12  8 14 12     20 10 18  8     13  7 18 10      7 20 13  7      8 18 14 20     19  6 22 18     21 10 14 10     17 15  7 10     21 12 16 11     16  6 19 13      8 18  9  6     11  8 17  8     16 14 14  8     17  6 11 14      1  0  1  6 
  5 22  3  0     14 17  7 12     18 12 19 17     18 14 22 12     13 15 12 14     14 21 12  9     22 11 22 21     14 12 13 11      7 12 17 12     16  7 22 12     20 10  9  7     13 19 10 10     17 20  9 19     14 20  9 20     11 18 13 15      1  0  2 18 
  3  7  3  0      7 17 20  7     19 17 16 17     22 15 10 17     12  8 22 15      9 20 17  8     22 14 21 20     13 21  8  9     17 19 10 21     22  7 15 19      9 11 19  7     10  8 11 11      9 15  9  8      9 19 19 15     13 15  6 19      2  0  3 15 
  3  8  3  0     20  9 18  8     16 14 21  9     10 20 22 14      8 14 22 20     17 17 12 14     21 12 10 17     8  9  9 12    10  6 17  9     15 13  8  6     19  7  9 13     11 18 20  7      9 22  6 18     19 22 21 22      6  8  8 22      3  0  2  8 
  3 20  5  0     18 17 19 20     21 22 10 17     22 21  6 22     22 15 15 21      9 13 12 15     10 15  6 13      9 15 15 15     17 14 15 15      8 16 22 14      9 18 10 16     20  9 14 18      6 22 21  9     21 21 11 22      8 19 21 21      2  0  3 19 
  5  7  2  0     19 17 22  7     10  7 21 17      6  8 12  7     15  7 18 18     12 22 20  7     14 10 11 22     15 17  7 10     15  7  7 17     22 10 20  7     10  6  8 10     14 20 21  6     21 19 10 20     11 16 19 19     21  6 19 16      3  0  3  6 
  2 17  5  0     22 21 11 17     21 14 12  9     12 13  8 14      6 22 16 13     20 18  7 22     11  9 12 11      7  7 22  9      7 11  6  7     20  6 14 11      8  6 19  6     21 21 11  6      9 13 13 21     19 12 16 13     19 19 10 12      3  0  5 19 
  5 20  1  0     11 15 11 20     12 12 20 15      8 13  9 12      7 11 18 13      7 22 16 11     12 12 17 22     15 18 10 15      6 21  6 18     14 10 13 21     19 13 11 10     11 21  7 13     13 19 16 21     16 12 16  6     10 16  7 12      5  0  5  6 
  1 15  2  0     11 12 19 15    20  9 21 12     9 17  8  9     18  9 15 17     16 15  7  9     17  8 11 15     10 11 16  8      6 12 19 11     13 17 10 12     11 18 11 17     12 20 11 22     16 17 11 20    16 21 15 17     7 20 13 21      5  0  5 20 
  2  7  1  0     19 21 15  7     21  8  9 21      8  6 16  8     15 11 11 10      7 20 16 11     11 10 21 20     16 12 14 10     19 17 21 12     10  6 19 17     11 11 14  6     11 22 14 11      7 16 10 22     15 16 17 16     13 14 20 16      5  0  3 14 
  1  4  0  0     15  1  0  4      9  5  0  1     16  4  0  5     11  5  0  4     16  5  0  5     21  2  0  5     14  2  0  2     21  1  0  2     19  5  0  1     14  4  0  5     19  4  0  4     15  2  0  4     17  1  0  2      7  2  0  1      3  0  0  2 
