  0  2  3  0      0  5  7  2      0  5 20  5      0  1  9  5      0  2  7  1      0  1 15  2      0  1  9  1      0  5 20  1      0  4 12  5      0  5 14  4      0  2 10  5      0  3 19  2      0  5 19  3      0  3 14  5      0  3  6  3      0  0  1  3 
  3 18  3  0      7 21  9 18     22 19 22 21     21 21  8 19      7 13 11 21     15  6 19 13      9 11 19  7     20 11 15 11     12 19 15 11     14 15 18 19     10 17 22 15     19 22  7 15     19 16 16 22     13  6 22 16      6  9  8  6      1  0  5  9 
  3 15  2  0      9 13 12 15    22 11 12 13     8 17  8 11     11 18 11 17     19  7 20 18     19 17 22  7     15 13 16 17     15 12 14 13     18 14 22 12      8 22 19  6      7 22 12 16     16 20  8 22    22 18 22 20     8 20  9 18      5  0  3 20 
  2 18  1  0     12 19 17 18     12 17  6 19      8 11 15 17     11  9 12 11     20 17  8  9     21 22 10 17     16 22  8 13     14 21 20 22     22 11 22 21     19 17  6 17     12 14 17 17      8 16 14 14     22 18 14 16      9 22  6 18      3  0  5 22 
  1 19  5  0     16 21 13 19      6 18  6 21     19  6 22 18     12  9 21 14      8  9 15  9     10  6 17  9      8 18  9  6     20 21 20 18     22 21 10 21      6 14 20 21     17  7 12 14     14 11 13 10     14 20 15 11     16 11  7 20      5  0  4 11 
  5 16  5  0     13 16 14 16      6 12 15 16     22 10 18 12     21 17 19 10     15  7 10 17     17 20  7  7      9 14 18 20     20  8 18 14     10 10  6  8     20 21 19 10     12 19 17 21     13 16  6 19     11 21 12 16      7 20 13 21      4  0  4 20 
  5 21  2  0     14 10 13 21     15 15 18 10     12 12 20 15     19 11  6 12     10 21 20 11      7 11 18 13     18 13 15 11     18 15 22 13      6 13 10 15     19 10 18 13     17  8 16 14      6 19  6  8     12 18 20 19     13 16 14 18      4  0  5 16 
  2 15  2  0     13  8  6 15     18 14  8  8     20 13 10 14      6 17  8 13     20 18  6 17     18 15  7 18     15  7  8 16     22 20 18  7     10 18  8 20     18 10 18 18     16 20  6 18      6 12 10  8     20 11 22 12     14 17  6 11      5  0  2 17 
  2 16  4  0      6 16 12 16      8 10 11 16     10 13 19 10      8 14 12 13     22 20  8 14      7 12 22 20     8  9  9 12    18 10 16  9      8 11 11 10     18 20  7 11      6 14 11 20     10 16 12 14     22 11 17 16      6  7  7 11      2  0  1  7 
  4 19  4  0     12 16 13 19     11  7 22 16     19 21 15  7     12 10 17 21      8  8 22  6     22 15 12  8      9 15 15 15     16 17 16 15     11 20 16 17      7 18  9 20     11  6 14 18     12 18 15  6     17 19 20 18      7  6  8 12      1  0  1  6 
  4 15  2  0     13 18 21 15     22 21 11 17     15 15 21 22     17  7 10 15     22 10 20  7     12 13 17 10     15  6 13 13     16  8  8  6     16  9 10 11      9 11  8  9     14  6 11 11      6 10 14  6     20 22 14 10     22 21  6 22      1  0  4 16 
  2 21  1  0     21 11 22 21     11 10 15 11     21 17 13 10     10  7 21 17     20 13  7  7     17 16 20 13     13 14 20 16      8 16 22 14     10 22  7 16      8 11  8 22     11 22 14 11     14 10 11 22     14 21  9 16      6 19 16 21      4  0  3 19 
  1 14  4  0     10 21 10 14     15 18 20 21     13 13 13 18     21  8  9 13      7  9 16 15     20 14 20  9     20 17  7 14     22 12 12 17      7 12 17 12      8 13  9 12     19 14 21 13     16 19  9 14      9 10 16 19     16  7 12 10      3  0  3  7 
  4  8  1  0     14 12 12  8    20  9 21 12    13 13 21  9      9 17 14 13     16 17 19 17     20  9 19 17      7 20 10  9     12  7  9 20     17 15  7  7      9  8 18 19     21  9  6 22      9 17  8  9    16 21 15 17    12  9 14 21      3  0  3  8 
  1 12  3  0     12 18 14 12     21 21  8  9     21 11  6 21     14 12 13 11     19 19 10 12     19 11 16 19     10 19 13 11      7  9 13 19      7  7 22  9     18 10 13  7      6 19 17 10     15  9 19 19     15 17 18  9     14 15 15 17      3  0  4 15 
  3  2  0  0     14  2  0  2      8  3  0  2      6  2  0  3     13  5  0  2      6  5  0  5      7  1  0  5     21  4  0  1     13  3  0  4     22  4  0  3     13  2  0  4     17  1  0  2     19  4  0  1     18  4  0  4     15  1  0  4      4  0  0  1 
