 0  3  2  0     0  3  8  3      0  5 22  3      0  4 11  5      0  5 16  4      0  3 20  5      0  3  6  3      0  5 19  3      0  2 13  5      0  2 15  2      0  1 15  2      0  5 20  1      0  5 20  5      0  5 16  5      0  3 14  5      0  0  2  3 
  2 17  1  0      8 11 15 17     22 21 22 11     11 17 22 21     16 17 19 17     20 18  6 17      6 18  9 22     19 14 15 18     13  9 17 14     15 17 18  9     15  7  8 16     20 18 19  7     20  7 11 18     16 10 22  7     14 20 13 10      2  0  3 15 
  1  9  1  0     15 13 16 17    22 11 12 13    22 14 10 11     21 20 22 14      6 18 16 20      9 20  7 18     15 12 12 20     19 19 10 12     18 11  6 14      8 17  8 11     19 17  6 17     11 20 16 17    22 18 22 20    13 13 13 18      3  0  4 13 
  1 14  4  0     16 19  9 14     12 16 13 19     10 17 22 15     22 19  6  8     10 10 13 19     21 17 19 10     12 14 17 17     10 21 10 14      6 14 20 21      8  8 22  6      6 19  6  8     16 16 22 19     22 11 17 16     11 22 14 11      4  0  3 22 
  4 16  1  0      9 10 11 16     13  7 18 10     22  9  7  7      6 22 21  9     13 18 15 22     13 15 12 14     17 14 15 15     10 16 12 14     20  8 22 16     22  8 11  8      6 16  8  8     22 18 14 16     17 19 20 18     13 15  6 19      3  0  4 15 
  1  6  1  0     11 11 14  6     18 13  7 11      8 14 12 13     21  9 16 14     18 10 16  9     12 13 17 10     15 11 18 13     12 19 15 11     22 21 22 19     11  6 21 21      8 10 10  6     14 22 20  8     20 18  7 22      6 19 12 17      4  0  3 19 
  1  9  5  0     14 18 20  9      7 21  9 18     12 16 11 21     16 13 14 20     16 14 16 13     17  8 16 14     18  9  6  8     15 15 15  9     22 20  7 12     21 22 21 10     10 18 12 22     20 19 12 18      7  9 13 19     12  8 13  9      3  0  2  8 
  5 14  4  0     20  8 18 14      9 20 17  8     11 14 20 15     14  8 16 14     16 22 14  8     16 13  6 22      6 17  8 13     15  7 10 17      7 17 20  7     21 17 10  7     12  7 12 17     12 14 17  7     12 13 11 14     13 21  9 13      2  0  5 21 
  4 20  4  0     18 20 21 20     17  7 14 20     20 13  7  7     16  6 19 13     14 11 20  6      6 12 19 11     8  9  9 12    10 16 19  9     20 13 17 16     10 14 11 13     12 12 18 14     12  8 14 12     11 11 10  8      9 12 11 11      5  0  4 12 
  4 19  4  0     21 21  8 19     14 10 13 21     19 13 11 10     19 14 21 13     20  9 20 14     11  8  9  9      9 13 21  8     19 16 21 13     17 16 15 16     11  7 22 16     18 18 15  7     14 22 12 18     10 17 21 22     11 18 11 17      4  0  4 18 
  4 15  1  0      9 13 12 15     13 15  6 13     11 20 11 15     21 17 13 10     21 12 10 17     18 15  6 12     21 22 15 15     21 21 11 22     15  7 19 21     22 12 16  7     15 16  6 12     12 16  6 16     21  6 19 16     11 10 15 11      4  0  2 16 
  1 12  3  0     12 17 22 12      6 11 14 17     11  7 20 16     13 11 21  7     10 21 20 11      6  9  8  6     15  9  8  9     11 19  7  9     19 11 16 19     16  8 10 11      6 15 13  8      6 13 10 15     19 10 18 13     15 15 18 10      2  0  4 15 
  3  6  2  0     22 22 21  6     14 10 20 22     20 21 19 10     21  8  9 21     20 10 18  8      8  6 12 10      8 12  7  6      7  9 20 12     16 15  7  9     12  8 22 15     13 16 22  8     10 14  6  6     18 13 16 14     18 21 15 13      4  0  1 21 
  2 14  2  0     21 12  9 14    20  9 21 12    19 19 15  9      9  8 18 19     18 14  8  8     12  9 21 14      7 20 10  9     11 22 12 20      7 19 17 22     22  7 15 19     22 10 20  7      6 17  9 10    16 21 15 17    15 18 20 21      1  0  2 18 
  2  7  1  0     11  6  7  7     21  6 18  6     22 18 19  6     18 18 10 18      8 20  9 18     21 12 19 17     10 16  7 12     12 19 17 18     17 10  6 19     15 17  7 10     20  9 19 17      9 17  8  9     15  7  7 17     20 13 21  7      2  0  4 13 
  1  3  0  0      7  3  0  3     18  3  0  3     19  2  0  3     10  5  0  2      9  1  0  5     19  5  0  1      7  2  0  5     17  5  0  2      6  5  0  5      7  1  0  5     19  4  0  1      8  1  0  4      7  2  0  1     21  1  0  2      4  0  0  1 
