 0  3  2  0     0  4 13  3      0  2 16  4      0  2 15  2      0  1 15  2      0  1  6  1      0  5 20  1      0  5 20  5      0  1 19  5      0  2 18  1      0  2 14  2      0  3 15  2      0  5 19  3      0  4 11  5      0  4 20  4      0  0  1  4 
  2 17  1  0     13  7 18 10     16 10 22  7     15 15 18 10      9  7  7 22      6 22 22 21     20 18  7 22     20 19 12 18     19 17 10  6     18 12 19 17     14 10 16 12     15 17  7 10     19 20 18 17      8 14 22 20     20  9 20 14      1  0  1  9 
  1 14  4  0     18 13 16 14    22 11 12 13    18 13 15 11      7 11 18 13     22 12 20 11      7  6  8 12     12 19 11  6     10 21 17 19     19 10 20 21     16 19  9 10      7 20 18 19     18 20 21 20    22 18 22 20    20  7 11 18      1  0  5  7 
  4 15  3  0     16  6 12 15     12 10  8  6     15  6 13 10     18  9 22  6     20 17  8  9      8  9  9 17     11 19  7  9     17 20  9 19     13 17 16 20     13 10 21 17     18 13 19 10     21  8  9 13     22 15 12  8     22 13 18 15      5  0  2 13 
  3 22  4  0     12 16  7 22      8  8  6 16     13 16 22  8     22 14  8 16      8  8 18 14      9 15  9  8      7  7 17 15      9 13 19  7     16 17 15 13     21 12 10 17     19 15 11 12      9 12  8 13     12 20 15 12     18  6 17 20      2  0  3  6 
  4 15  1  0      7 19 21 15      6  8  6 19     22  8 11  8      8 22  6  8     18 19  6 22      9 14 16 19     17  6 11 14     19 16 21  6     15 16 17 16      6 19 13 16     11 16 19 19      8 10 11 16     15 11 11 10     17  6 17 19      3  0  3  6 
  1  9  5  0     21 14 12  9      6  6 10 14     11 14 20 15      6 11 11 14      6  7  7 11     18 18 15  7     11  6 14 18     21  6 18  6     17  9 10  6     13 13 21  9     19 14 21 13     11 13 10 14     16 14 16 13     17  7 12 14      3  0  3  7 
  5 22  3  0     12 18 14 22     10 10 13 19     20 22 14 10     11 17 16 22      7 14 20 17     15 18 19 14     14 20  8 18      9 14 18 20     10 21 10 14     21 11 22 21     21 11 17 22     10  8 11 11     14 12 13  8     12  8 14 12      3  0  3  8 
  3 18  3  0     14 16 22 18     13  6 22 16     14 20 21  6     16 11  7 20     20  6 14 11     19 12 17  6     8  9  9 12    18 10 16  9     10  6  8 10     22 21  9  6     17 10  7 21     11 22 14 10     13 14 20 16     14  8 16 14      3  0  2  8 
  3 19  2  0     22 21 22 19     22 21 10 21     21 11  6 21      7 22 16 11     14 11 11 22     17 11 18 11      9 12 11 11     16  6 16 12      8 18  9  6      9 15 17 18      7  9 16 15     14 21 12  9     12 19 17 21     16 21 13 19      2  0  5 21 
  2 21  1  0     22 11 22 21     10 19 13 11      6  8 22 19     16 20  6 18     12  7  9 20     18  9 20  7     11 20 11 15     16 17 11 20      9  8  6  6     17  8 11  8      6 15 13  8     12 14 13 15     17  8 16 14     13  6 17  8      5  0  5  6 
  1 21  4  0     22 10 17 21     13 21 14 10     22 15 15 21      6 19 13 15      9  8 18 19     20  9 18  8     11  8  9  9     11 15 17  8      6 13 13 15     11 14 12 13     13  9 17 14     13 12 15  9     16 13 19 12     17 10 12 13      5  0  2 10 
  4 12  5  0     17 22 12 12     14 21 20 22     15 13 18 21     13 18 13 13     18 18 10 18     19 10 12 19      9  7 20 10     17 20  7  7     13  7  7 20     12 10 16  7     17 15  7 10     15 17 14 15     19 17 16 17     12  7 12 17      2  0  1  7 
  5 14  4  0     12 12 18 14    20  9 21 12    18  7 21  9     13 11 21  7     10 21 20 11     12 18 15  6     20 21 15 18      7 20 13 21      7 22 10 20     16 20  8 22      7 12 22 20     14 17 17 12    16 21 15 17    12 16 11 21      1  0  4 16 
  4 13  2  0     10 14 20 13     21  9 16 14     21 21  8  9     21  8 19 21     20 10 18  8     15  9 19 19     15 15 15  9     19 22  7 15     10 18 12 22      8 16 15  7     22 19 16 16     17 22  7 19     15 10 17 22     11 16  9 10      4  0  3 19 
  2  3  0  0     20  5  0  3     16  4  0  5      8  1  0  4     19  4  0  1     18  4  0  4     19  4  0  4     15  2  0  4      7  1  0  2     12  3  0  1     14  5  0  3     16  5  0  5      7  2  0  5     17  5  0  2      9  1  0  5      3  0  0  1 
