  0  1  4  0      0  5  9  1      0  5 16  5      0  5  6  5      0  1  9  5      0  4 15  1      0  3 19  4      0  5 22  3      0  2 10  5      0  2 15  2      0  4 15  2      0  1 14  4      0  5  7  1      0  5 20  5      0  3 14  5      0  0  2  3 
  4 12  5  0      9 14 21 12     11 11 22 14      6 21 21 11      9 18  7 21     15  6 13 13     19 16 21  6     22 18 14 16     11  6 14 18     15 13  8  6     15 12 14 13     14 17 17 12      7 12 14 17     20 11 22 12     14 12 13 11      2  0  1  7 
  5 16  4  0     21 13 19 16    22 11 12 13    21  7 13 11      7 17 15  7     13 10 21 17     21 22 21 10     14 10 20 22     14 10 21 10      8  8 18 14     14 12 12  8     17  6 19 12     14 20 21  6    22 18 22 20    13  7 11 18      1  0  2  7 
  4 11  5  0     19  7  9 11     12 22 20  7     13 10 14 20     15 15 18 10     21  9 13 13     21  9  6 22     20 14 20  9     21 20 22 14     18 19  7 20     12 16 13 19     19  9 14 16     21 21  8  9     22 11 22 21     11 14  6 11      2  0  2 14 
  5 20  1  0      9 18  8 20     20  7 11 18      9 20 12  7     21 19 10 20     13 16  6 19      6 16  8  8     20  8 22 16     22 15 12  8      7  8 16 15     13  9 12  8     18 10 16  9      8  6 12 10     22 22 21  6      9  7  7 22      2  0  5  7 
  1 12  3  0      6 12 18 15     11 11  9 12     12 19 15 11     10 14 11 13      6  6 10 14      8  8 22  6     22 10 18 12     12 19 19 10      6  8  6 19     12  7  6  8     16 10 22  7     12 13 17 10     21  7 20 13      7 20 13  7      5  0  3 20 
  3 18  3  0     18 18 10 18      9 20  7 18     15 11 14 20     11 10  8 11     10  6  8 10     22 16 13  6     16 22 19 16     19 22 21 22     12 16  7 22      6 16 12 16     22 14  8 16     17  8 16 14     20 10 18  8     13 19 10 10      3  0  3  6 
  3  7  3  0     10 11 22 14      7 20 16 11     18  6 17 20      8 22 19  6      8 13 16 22     13 18 13 13     19  9  8 18      7 20 10  9      7 22 10 20     12 12 17 22     18 20 19 12     16 20 13 17     18  7 22 20     10 15 17  7      3  0  4 15 
  3  6  2  0     22 18 19  6     16 20  6 18     17  7 14 20     19 17 22  7     11 20 16 17     15 12 12 20     8  9  9 12    10 11 16  9     15 11 20 11     17 16 22 11     19  9 10 16     13 19  7  9     22  7 15 19     17 20  7  7      4  0  4 20 
  2 13  5  0     19 10 18 13      6 17  9 10     14 15 15 17     22 13 18 15     16 14 16 13     12 12 18 14      9 21 14 12     16 14 21  9     20  8 18 14     22  8 11  8     10 11 16  8      7 22 16 11     15 10 17 22      7 21 17 10      4  0  1 21 
  5 14  4  0     18 13 16 14      9 17 14 13     15  7 10 17     18 10 13  7     16  7 12 10     18 18 15  7     14 22 12 18     21 11 17 22     18 13 15 11     11 10 19 13     16 12 14 10     16 11 21 12     17 10  6 19     17 21 22 10      1  0  2 21 
  4 13  3  0     16 17 15 13      6 11 14 17     10 15 11 11     13 18 21 15     12 19 17 18     15  6 13 10     12 19 11  6     17 16 17 19     15 16 17 16     19 19 11 16     14 21 13 19     21 11 22 21      6  7  7 11     22 20  8 14      2  0  1 15 
  3 19  2  0     15  9 19 19     14 18 20  9     11 17 11 18     21 12 19 17     17 12  7 12     13  8 14 12      6  6  9  8     17 19 17  6     17 20  9 19     11 10 21 20     13 21 14 10     22 15 15 21      7  9 16 15      8  9 15  9      1  0  1  9 
  2 17  5  0     21 12 10 17    20  9 21 12    11  8  9  9     16 14 14  8      7 19 21 15     14 15 18 19      9 15 15 15     17 18  9 15      9  6  8 18     21  6 18  6     14 11 20  6     15 17  8 11    16 21 15 17    15 18 20 21      1  0  2 18 
  5 19  3  0     10 21 17 19     21  8 19 21      9 13 21  8     14 20 16 13     21 20 18 20     18 17 19 20     15  9 13 12      9 17  8  9      8 11  8 17     18  9 22  6     20 17  8  9      8 13  6 17     15  6 19 13     12 15 16  6      2  0  3 15 
  3  2  0  0     17  1  0  2     19  5  0  1     21  2  0  5     16  4  0  2     18  4  0  4     19  4  0  4     13  2  0  4      8  3  0  2      8  3  0  3     22  4  0  3      8  1  0  4      6  1  0  1     19  4  0  1     16  1  0  4      3  0  0  1 
