  0  1  4  0      0  4 16  1      0  3 22  4      0  3  6  3      0  3 18  3      0  2  8  3      0  4 15  2      0  1 19  4      0  2 21  1      0  5 21  2      0  2 17  5      0  5  7  2      0  5  6  5      0  2 10  5      0  3 15  2      0  0  1  3 
  4 13  2  0     16 14 18 13     22 21 22 11      6 14 20 21     18 20  9 14      8 22 16 20     15 12  8 22     19 19 10 12     21 21  8 19     21 11 22 21     17 16 22 11      7 12 10 16      9 21 14 12     10 21 22 21     15  7 19 21      1  0  2  7 
  2 13  5  0     18 13 13 13    22 11 12 13    20  6 14 11      9  8  6  6     16 14 17  8      8 16 14 14     10 17 21 12      8 11 15 17     22 14 10 11     22 20  8 14     10 18  8 20      9 20  7 18    22 18 22 20    19  7 20 18      2  0  1 15 
  5 20  5  0     13 19 10 18     12 18 20 19     14 16 22 18      6 19 13 16     17 20  9 19     14  6 11 11     21 21 11  6     15 15 15  9     10 17 22 15      8 11  8 17      8 22  8 11      7 16 10 22     22 14  8 16     20  9 20 14      1  0  1  9 
  5  7  1  0     10 17 15  7     20  7  7 17     22 20 18  7     13 21  7 20      9 13 13 21     11 21  7 13     11 18 11 17     15 22 13 18     22 21  6 22      8  9 21 21      8  9 15  9     10 11 16  9      8  9  9 11     20 17  8  9      1  0  2 17 
  1  6  1  0     15  7 18 18      7 20 13  7     18 17 19 20      7 10 15 17     13 19 10 10      7  9 13 19     11 19  7  9     13 15  6 19      6 13 13 15     21 13 19 16     15 12 14 13     16 13 19 12      9 12  8 13      8 14 12 12      2  0  2 14 
  1  9  5  0     18  8 20  9     13 16 22  8     19  9 14 16     12 18 15  6     10 18 18 18     13 15 11 18      7  7 17 15     22  9  7  7     13 21  8  9     19 10 20 21     14 10 21 10     19 13 11 10      8 14 12 13     12 19 17 18      2  0  3 19 
  5 22  3  0     20  7 22 10     22 16 11  7     14 16 13 16     15  7  8 16     18 10 13  7     15  6 13 10     16  8  8  6      7 15 19 22     11 14 20 15     20 13 10 14     21 14 10 13     11 13 10 14     12 17 12  7     17 12 14 17      3  0  1 12 
  3  8  3  0     22 19  6  8     11 16 19 19     13  6 22 16      8 18  9  6     10 16  9 18      6 12 15 16     8  9  9 12    13 12 15  9     20 11 22 12     10  8 11 11     10  8  6 12     10 10  6  8     12 14 17  7      8  8 18 14      1  0  4  8 
  3 20  5  0      6 18 16 20     19  6 22 18     22 21  9  6      9 18  7 21      9 22  6 18     20  8 18 14      9  9 17  8     15 17 18  9     22  7 19 17     11 18 13  7      6 17 20 18      6 19 12 17     20 13 17 16     18 14 22 12      4  0  5 14 
  5 19  3  0     16 17 15 13     22 21 11 17      9 16 14 21      7 22 12 16      6  8  8 22     18 19  9  8     17 10  6 19     18 12 22 10     19 17 21 12     13 10 21 17     20 16 13 14     12 16  6 16     17 16 15 16     22 19 16 16      5  0  1 19 
  3 14  5  0     15 15 17 14     11 11 10 15     14 12 13 11     12 17 22 12      8 13  6 17      9 17 14 13      6 11 14 17     22 14 11 11     21 20 22 14     21 15 18 20     13  8  6 15      6 19  6  8     15  9 19 19     16 15  7  9      1  0  4 15 
  5 16  5  0     17 11 20 16     10 21 20 11     13 19 14 21     22 21 22 19      6 18  6 21     14 12 12 18     14 10 16 12      7 21 17 10     22 15 15 21     18 10 15 15      6 17  9 10      6 17 19 17     19 17 16 17      7 14 20 17      4  0  1 14 
  5  9  1  0     20 12  7  9    20  9 21 12    14 21 12  9     22 14 10 20      6  6 10 14     12 19 11  6     16 21  6 19     17 19 10 21     15 11 12 19     15 11 20 11      9 12 11 11     13 17 10 12    16 21 15 17    20 18 20 21      1  0  2 18 
  1  7  2  0      7 11  6  7     21 12 16 11     12 20 15 12     10  9  7 20     10 16 19  9     11  7 20 16      6  8 12  7     10 11 16  8      6 14 18 11     20  7 11 18     12 22 20  7     10 17 21 22     15 18 19 14     21 15 13 18      2  0  2 15 
  2  3  0  0      6  2  0  3     16  4  0  2     15  3  0  4      7  3  0  3     19  4  0  3     20  4  0  4     12  5  0  4     16  4  0  5     18  4  0  4     11  5  0  4     20  1  0  5     21  4  0  1     19  4  0  4     13  3  0  4      2  0  0  3 
