 0  3  2  0     0  3 18  3      0  5 19  3      0  5 20  5      0  3 20  5      0  4 13  3      0  4 19  4      0  1 21  4      0  4  8  1      0  3 19  4      0  4 15  3      0  5 16  4      0  2 17  5      0  5 21  2      0  3 14  5      0  0  2  3 
  2  7  1  0     18  9 20  7     19 17 22  7     20  7  7 17     20 13  7  7     13 21  9 13     19 10 20 21     21 10 14 10      8  6 12 10     19 17 10  6     15  7  7 17     16 17 11 20     17 12 14 17     20 11 22 12     14  6 11 11      2  0  3  6 
  1 14  4  0     20 13 10 14    22 11 12 13     7 20 16 11      7 12 22 20      9 14 21 12     20 16 13 14     14 16 13 16     12  7 12 17     10 15 17  7      7 19 21 15     11  6 12 19     14 20 21  6    22 18 22 20    11  6 14 18      3  0  3  6 
  4 18  4  0     10 15 15 18     12 12 20 15     16  7 22 12     22  9  7  7     21 21  8  9     13 19 14 21     13 11 10 19     12 19 15 11     17 20  9 19     21 20 18 20     19 19 10 12     21 21  8 19     22 10 17 21     14 12 12 18      3  0  1 12 
  4 15  1  0     15 21 22 15     20 11 10 21     22 12 18 14     14 17  7 12      8 11  8 17     14 12 13 11     10 17 21 12     15  9 19 19      8 18 19  9     18 15  7 18     10 17 22 15      8 16 14 17     17 16 15 16     12 16  6 16      1  0  4 16 
  1  6  1  0     22 10 20  7      6  8 18  9     18 14  8  8     18 20  9 14      8 22 16 20     21 22 19 22     21  6 22 22     19 16 21  6     19 19 11 16      7  9 13 19     22  6 18  9      8 12  7  6     15 16  6 12      6 19 13 16      4  0  1 19 
  1  9  5  0     20 17  8  9     18  9 15 17      8  9 15  9      9 17  8  9     16 17 19 17     19 10 21 17     22  7 16 10     21  9 18  7     11 14 20 15     13  9 17 14     18  8 20  9     16 22 14  8      6  8  8 22     13  9 12  8      1  0  1  9 
  5  6  5  0      8  6 19  6     15 13  8  6     15  6 19 13      8 22 19  6     19 16 16 22     21 13 19 16     16 22  8 13     18 14 16 22     15 15 17 14     17 19 17  6     20 18 17 19     14 20  8 18      8 14 22 20     12  9 21 14      1  0  5  9 
  5 16  5  0     19  9 10 16      8  6  6  9     19 12 17  6     19 17 21 12     16 20 13 17     19 12 18 20     8  9  9 12    16 14 21  9     11 11 22 14     17 11 18 11     17 22 21 11     21 21 11 22     22 21 10 21     21 11  6 21      5  0  4 11 
  5 22  3  0     10 18 12 22      6 21  6 18     17 13 10 21     21 14 10 13     13 15 12 14     18 19 14 15      9 14 16 19     21 20 22 14     22 14 10 20     18 13 16 14     21  7 20 13     11 18 20  7     10 13  7 18      6 14 11 20      4  0  5 14 
  3  7  3  0     12 10 16  7      6  8 10 10     10 11 16  8     10 15 11 11     12  8 22 15     14 12 13  8     16 13 19 12     22 11 22 21     10  8 11 11     16 14 14  8     20  9 20 14     20 12  7  9     15  9 13 12     11 19  7  9      5  0  1 19 
  3  8  3  0     13  6 17  8     10 14  6  6     16 17 15 13     11 15 11 20     22 13 18 15     13 18 13 13     19  6 22 18     22 16 13  6     11  7 22 16     14 20 17  7      6 18 16 20      7 22 20 18     13 19 10 10      7 20 18 19      1  0  5 20 
  3 19  2  0     17 18 12 19      6 17 20 18     15  7 10 17     11 18 13  7     18 18 10 18     13 19 10 18     22  7 15 19     13 11 21  7     22 14 10 11     17  6 11 14     16  8  8  6      9  9 11  8     10 11 16  9     18 13 15 11      5  0  2 13 
  2 14  2  0     12 12  8 14    20  9 21 12    10  6 17  9     13 13 15  6     10 14 11 13     10 16 12 14     15  7  8 16     21 17 10  7     10 12 13 17     11 11  9 12      8 22  8 11     11 17 16 22    16 21 15 17    15 13 18 21      2  0  4 13 
  2 17  1  0      8 11 15 17     21 12 16 11     17 22 12 12     15  7  9 16     11  6  7  7     12 18 15  6      8 20 10 18     10  9  7 20     13 21  8  9      9  6 22 21     13 10 15  6     16  9 18 10     15 15 15  9     18 20 21 15      4  0  4 20 
  1  3  0  0     15  2  0  3     16  4  0  2     12  5  0  4      7  1  0  5      7  2  0  1     15  2  0  2     10  5  0  2      7  2  0  5      8  3  0  2     22  4  0  3     15  2  0  4     18  1  0  2     15  2  0  1     21  1  0  2      4  0  0  1 
