 0  3  2  0    18 20  9 14     17 20  9 19     13 16  6 19     10 21 20 11     13  9 12  8      2  0  3 15     14 12 13  8     18 11 17 11     21 12 19 17     19  5  0  1     14 10 13 21      6 14 20 21      6 18 16 20     12 20 11 22     13 15  6 13 
 15 15 17 14     11 20  6 14     16  7 22 12      0  3  7  3      7 20 18 19      7 16 10 22     17 22 12 12      0  3  8  3     13 19  7  9     10 13  7 18     20 14 20  9     19 12 18 20     11 11 14  6     21  2  0  5      8 18 14 20     15 11 12 19 
 13 18 21 15     16  6 12 15    22 11 12 13    22 16 20  8      6 19 16 21     22 10 18 12     14 13  9 17      0  5 20  5     10 13 19 10     13 18 13 13     12 18 15  6      6 18  6 21     10 10  6  8    22 18 22 20     2 21  1  0      0  3  6  3 
 16 17 15 13      0  4 13  3     22 14 10 20      0  4 19  4     17 15  7 10      8 19 21 21     14 18 13 16     19 12 16 13      3  0  3 18     13 19 16 21      0  2 14  2      4 18  4  0      4  0  2 16     18  1  0  2     10  6 19 17     20  9 18  8 
  8 22  6  8      0  5 16  4     16  9 10 11     15  3  0  4     19  9 14 16      0  5 19  3      2  0  4 15     19 19 15  9     21 22 10 17     18  7 22 20     16  8 10 11     16 15  7  9     18 10 16  9     16 11 21 12     10 20 21 19     13 15 11 18 
  0  3 19  4     12 22 20  7     12 12 20 15     10 18 18 18     11 15 11 20      3  0  0  2     18 11  6 14     22 18 19  6      8  3  0  2     14 12  9 21     18  9 15 17     20 21 15 18     17 19 20 18     15  2  0  1      6 19  6  8     22 21  9  6 
  7 22 16 11      8 14 12 12     13  5  0  2      6 11 14 17      2  0  3 19     17 22 21 11     11 20 16 17     10 12 13 17      3  0  5 22     14 20 15 11     21 21  8  9     10  7 21 17     12 16  6 16      1  4  0  0     14  8 16 22     19 11  6 12 
 19 22  7 15     11 18 20  7     11 22 21 22     11 11 10 15      0  2 15  2     12 14 17 17     12 17 12  7      5 20  1  0     14 20 17  7     21 20 18 20     17 16 17 19      6  2  0  3      9 15 15 15     21  9 13 13      4  0  3 22     14 20 13 10 
  8 18 19  9     12 12 18 14      9  8  9 15     13 10 14 11      8 16 14 14      3 20  5  0      1  0  4  8     8  9  9 12     1  6  1  0     15 17  8 11      5  0  4 11      6  6  9  8      9 12 11 11      7 12 10 16     10 17 22 15      0  1 21  4 
 16 20 13 17     21 17 13 10      7  2  0  1     13 14 20 16     13 18 15 22     22  8 11  8     16  5  0  5     14  6  6 10      8 13  6 17     11 11 10  8      9 14 21 12     15 16 17 16     11 16 19 19      8 20 10 18     20  7 18  9      0  4 16  1 
 16 22  8 13      7 10 15 17     10 19 13 11     22 21 22 19     14 22 12 18      8  9 13 21      0  1 12  3     18  7 21  9     12  7  6  8     11  6 21 21     13  6 22 16     18 14 16 22      0  4 20  4     19 17 22  7     12 14 17  7     11 22 14 10 
 21 12 10 17      2  0  4 13      8 22 15 12     14  5  0  3     13  8  6 15     21  7 13 11     16 12 14 10      9 22  6 18     19 14 21 13     15 12 14 13     20  7  7 17     14  4  0  5     13  7  7 20     10  8  6 12     14 21 20 22      0  1 19  4 
 18  9  6  8     21  9 16 14     18  6 17 20     17  8 16 14     12  7  9 20      6  8 22 19     20 10  9  7     10 15  6 13     15 15 21 22     15  1  0  4     13 16 14 16      2  0  5  7      8 14 22 20     17  8  9 20     22 14 11 11      7 11  6  7 
  1  0  5  9     12 17  6 19    20  9 21 12     9  5  0  1      1  0  2  7     18 12 19 17     18 10 15 15     15  7  7 17     21 15  7 19     15  7  8 16      5  7  1  0      9 11  8  9      5  0  2 17    16 21 15 17     7  9 11 19     16 16 22 19 
 20  7 22 10     22 21 10 21      8 11  8 17     15  6 19 13     17  9 10  6     13 12 15  9      0  2 10  5     22 22 21  6     16 11  7 20      4 12  5  0      1  0  1  9     10 21 17 19     17 16 22 11      1  0  2 17      8  9  9 17      6 16  8  8 
 19  9 10 16      8  8 18 14     18 13 19 10     11 14 12 13     11 22 21 21     21  7 20 13     14 10 21 10     19 10 12 19      0  0  1  3      4  0  1 14     18 15  7 18     17 19 17  6      0  5  6  5      7 22  9  7     13  7 11 18     19 14 15 18 
