  0  3  2  0      0  3  7  3      0  2  8  3      0  2 14  2      0  3 15  2      0  3  8  3      0  3  6  3      0  4 13  3      0  1 14  4      0  5 20  1      0  5  6  5      0  2 10  5      0  2 15  2      0  4 13  2      0  4 18  4      0  0  1  4 
  2 17  1  0      7 12 14 17     16  7 22 12     22  9  7  7     15  9  8  9      8  6  6  9     19 17 10  6     13 10 15  6     14 11 13 10     20 11 15 11      6 14 11 20     10 16 12 14     15  7  8 16     16 10 22  7     18 18 18 10      1  0  2 18 
  1 12  3  0     14 13 15 12    22 11 12 13     7 20 16 11      8 14 22 20      6 11 11 14     10 15 11 11     15 21 22 15     13 19 14 21     15  9 19 19     11 19  7  9     12 18 20 19      8 20  9 18    22 18 22 20    18 15  7 18      2  0  4 15 
  3 14  5  0     15 18 19 14     12 19 17 18     16 21  6 19     22 13 18 15     15  6 13 13     11  6 21 21     22 21  9  6     14 10 13 21     19 13 11 10      7 18 10 13     20 21 15 18      9 16 14 21     22  8 13 16     11 22 21 22      4  0  3 22 
  5 16  5  0     19  9 10 16     17  8  9  9      6 16  8  8     18 14 12 12     13  9 17 14     21  9 18  7      9 11  8  9     20 16 17 11     11  7 22 16     10 15 17  7     15 18 10 15     14 20  8 18     13 10 14 20     21 22 21 10      3  0  5 22 
  5 14  4  0     10 20 22 14      9 14 18 20      8 16 22 14      6 19 13 16     17 20  9 19     18  6 17 20      8  8 22  6      6 12 10  8     22 10 18 12     17 15  7 10     10 17 22 15      8  9 20 17     14 21 12  9     21 17 13 10      5  0  2 17 
  4 11  5  0     22 14 11 11     18 11  6 14     22 12 20 11     13 11 14 12      9 12 11 11     17  6 19 12     22 22 21  6     10 20  7 22     18 20 21 20      7 11 18 20     22 14 10 11     20  9 20 14     12  8 13  9     13  6 17  8      2  0  3  6 
  5 20  5  0     11 10 21 20      6  8 10 10     20 10 18  8     14 10 21 10     11 16  8 10     19  9 14 16     21 21  8  9      7 13 11 21     21  8  9 13     18 19  9  8     10 12 19 19     20 15 12 12     13 18 21 15     17 19 20 18      3  0  5 19 
  5 16  4  0     22 11 17 16     10  8 11 11     18  9  6  8     21 14 12  9      8  8 18 14     14 12 12  8     8  9  9 12    20  7 18  9      9 16 15  7      9 10 11 16     19 10 18 13     12 13 17 10     21  9 13 13     20 12  7  9      5  0  4 12 
  4  8  1  0     17  8 11  8     11  8 22  8      6 15 13  8     12  8 22 15     18  6 21  6     12 18 15  6      9 22  6 18     18 14 16 22     15 15 17 14     16  6 12 15     18 16 20  6     17 16 15 16     13 16 14 16      7 12 10 16      4  0  1 21 
  1 19  4  0     11 14 20 15      8 16 14 14     13 19 12 16     22 21 22 19     21 11 22 21     15 17  8 11      6 11 14 17     16 19 19 11     17 16 17 19     12 16  6 16     20 13 17 16     15  6 19 13     14 17 17 12     10  7 21 17      1  0  5  7 
  4 16  1  0     20  8 22 16     14 12 13  8     12 17 22 12     22  7 19 17     22 20 18  7      8 16 14 17     14 18 13 16     19  7 20 18      6  8 12  7      6 19  6  8     17 22 21 11     19 16 16 22     17 15 13 16     14 20 21  6      5  0  3 20 
  1  6  1  0     22 16 13  6     13 14 20 16     22 12 18 14     19 11  6 12     18 11 17 11     18 13  7 11     13 13 18 13     20  7  7 17     12 17 12  7      6 17 19 17     21 22 10 17     14 21 20 22     13 19 16 21     21 15  7 19      3  0  4 15 
  1  9  5  0     13 12 15  9    20  9 21 12    18 10 16  9     17 21 12 10     17 19 10 21      7 11  6  7     18 13 15 11      7  7 20 13     12 22 20  7     19  6  8 22     10 14  6  6     20 17  7 14    16 21 15 17     7 20 13 21      4  0  4 20 
  5  9  1  0     15 17 18  9     21 12 19 17     16 11 21 12     12 19 15 11     10 10 13 19      6 17  9 10     15  7  7 17     20 10  9  7     20 21 19 10      8 19 21 21      6 22 18 19      7 15 19 22     15  9 15 15     13 19  7  9      4  0  3 19 
  1  3  0  0     18  3  0  3     19  2  0  3     21  1  0  2     15  2  0  1     13  5  0  2      7  2  0  5      7  1  0  2      9  1  0  1     19  5  0  1     21  2  0  5     16  4  0  2     19  4  0  4     15  1  0  4      7  2  0  1      3  0  0  2 
