  0  1  3  0      0  2 17  1      0  3 15  2      0  1 12  3      0  1  9  1      0  5  9  1      0  5  6  5      0  2 10  5      0  2 14  2      0  1  7  2      0  5 20  1      0  5 16  5      0  4 12  5      0  5 14  4      0  2 13  5      0  0  3  2 
  3 22  4  0     17  7 10 15     15 19 22  7     12 17  6 19      8  9 20 17      9 11  8  9      6 14 18 11     10 11 22 14     14 17  6 11      7 12 14 17     20 15 12 12     16  6 12 15     12 18 15  6     14 16 22 18     13 13 18 13      3  0  4 13 
  4 16  1  0     21 13 19 16    22 11 12 13     6  7  7 11     20 18 19  7      8 20  9 18     18  6 17 20     22 16 13  6      6 19 13 16     14 21 13 19     12  9 14 21     12 11 11  9     14 20 15 11    22 18 22 20    18 18 10 18      4  0  4 18 
  1  9  5  0     19 17 20  9     12  7 12 17      7 20 13  7      7 18  9 20      9  6  8 18     17  8 11 15     13 18 21 15     13 15 11 18      6 16  8  8     14 17  8 16     11 16  8 10     15  7  8 16     22  9  7  7     17 14 13  9      4  0  1 14 
  5 16  4  0     20  6 18 16     12 10  8  6     13 21 14 10      9  6 22 21      8 10 10  6     11 16  9 10     21  6 19 16     11 11 10 15      8 22  8 11      8 13 16 22      8 14 12 13      8 16 14 14      7 22 12 16     13 18 15 22      1  0  2 21 
  4 13  2  0     15  6 19 13      8 22 19  6     14 11 11 22     22 12 20 11     10 16  7 12      9 18 10 16     19 14 15 18     10 21 10 14      8  9 13 21     16 14 21  9     12  9 21 14     14 18 20  9     12 22 10 18     15 15 21 22      2  0  4 15 
  2 16  4  0     19  9 10 16     19 19 15  9     11 16 19 19     20 13 17 16      7 18 10 13     10 15 15 18     15  7  7 17     10 17 15  7     13 10 21 17     21 22 21 10     21 11 17 22     20 16 17 11     10  6 17  9     17 19 17  6      4  0  4 19 
  4 15  3  0     10 17 22 15     15 13 16 17     19 12 16 13     17 22 12 12     10 17 21 22     17 12 14 17      7  6  8 12     15 13  8  6     21  9 13 13     21 19 10 20     17 21 12 19     17 19 10 21     17 18 12 19     17 19 20 18      4  0  3 19 
  3  8  3  0     22 16 20  8     16 22 19 16     16 11  7 22     22 21 22 11     21  8 19 21     14 12 12  8     8  9  9 12     8  9 15  9     13 19  7  9     10 10 13 19     12 13 17 10     10 15  6 13     12 14 13 15     20  8 18 14      3  0  2  8 
  3 18  3  0     20  7 11 18     19 17 22  7      7 14 20 17     22 12 18 14     19 19 10 12     12 18 20 19      9 15 17 18     15 15  9 15      7 18 18 15     13 16 14 18     17 19 17 16      6  8  6 19     13  9 12  8     18  7 21  9      2  0  5  7 
  3  6  2  0     11 11 14  6     22 21 21 11     20 11 10 21     18 11 17 11     14 12 13 11     15  9 13 12     17  8  9  9      9 21 21  8     12 10 17 21     14 11 13 10     17 16 22 11      6 16 12 16     12 14 10 16     21 20 22 14      5  0  3 20 
  2 18  1  0     14 12 12 18     21  6 14 20     10 14  6  6     10 20 22 14     14 16 13 16     13 14 20 16      9 11 19  7     21  7 13 11     17 20  7  7     13 10 14 20     22  7 16 10     12 22 20  7     10 20  7 22     21  6 18  6      3  0  3  6 
  1 15  2  0     12  8 22 15     14 22 20  8      6  8  8 22      8 18 14  8     13  7 11 18     20 10  9  7     19 13 11 10     13 15  6 13      7  9 16 15     20 12  7  9     16 11 21 12     20 11 15 11      7 20 16 11     18  7 22 20      3  0  3  7 
  2 15  2  0     11 12 19 15    20  9 21 12     8  6  6  9     14 11 20  6     11 10  8 11     18  8 20 10     11  8 17  8      6 22 18 19     22 21  6 22      7 20 13 21     21 15 18 20     15 17 14 15    16 21 15 17    22 19 22 21      3  0  5 19 
  2  7  1  0     19 21 15  7     21 11  6 21      6 12 19 11     20  9 20 14      8 18 19  9     20 21 20 18     17 10  7 21     18 13 19 10      6 17  8 13     10  6 19 17     18  9 22  6     14 16 19  9     15 16 17 16     22 14  8 16      5  0  3 14 
  1  4  0  0     15  1  0  4      6  1  0  1     19  4  0  1     20  4  0  4     11  5  0  4     20  5  0  5      7  1  0  5     21  4  0  1      8  1  0  4     19  5  0  1     22  3  0  5     19  2  0  3     17  5  0  2     21  2  0  5      3  0  0  2 
