  0  1  4  0      0  5  7  1      0  5 16  5      0  4 12  5      0  1 21  4      0  5 20  1      0  4 11  5      0  4 18  4      0  3 22  4      0  2  8  3      0  2 14  2      0  5 21  2      0  5  6  5      0  2 10  5      0  3 19  2      0  0  2  3 
  4 13  3  0      7  7 20 13     16 10 22  7     12 13 17 10     21  9 13 13     20 14 20  9     11 20  6 14     18 20 21 20     22 14 10 20      8 16 22 14     14 21  9 16     21 11  6 21      6 14 18 11     10 11 22 14     19  7  9 11      2  0  1  7 
  3 14  5  0     20 13 10 14    22 11 12 13    17 16 22 11     13 14 20 16     20 15 11 14      6 13 10 15     21  8  9 13     11  8 17  8     22 19  6  8      9 14 16 19      6 11 11 14     18 20  7 11    22 18 22 20     9 15 17 18      1  0  4 15 
  5 14  4  0     10 16 12 14     12 16  6 16     22 11 22 21     20 11 15 11     11 22 14 11     10 20  7 22      9 19 17 20     17 10  6 19      6 17  9 10     16 20 13 17     11 22 12 20      7 19 17 22     22 21 21 11     17 19 10 21      4  0  1 19 
  4  8  1  0      8 18 14  8      6 17 20 18     22 15 10 17     15 21 22 15     14 12  9 21      7  9 20 12     17 18 12 19      6 21  6 18      9 18  7 21     13 15 11 18     12 14 13 15     17  7 12 14      7 22  9  7     10 17 21 22      1  0  2 17 
  1  9  1  0     14 18 20  9     20 21 15 18     10 21 22 21     22 19 22 21      9  8 18 19     20  9 18  8     12 17 22 12      6 11 14 17      7 20 16 11     11 10 21 20     13 21 14 10     12  9 14 21      9 11  8  9     21  7 13 11      2  0  5  7 
  1 14  4  0     20 17  7 14     15  7  7 17     22 16 11  7     22 18 14 16     18 10 18 18     18  8 20 10     22  8 11  8     11 15 17  8     16 17 16 15     21 12 19 17     15 16  6 12     14 16 13 16      8  8  6 16     13  9 12  8      5  0  1  9 
  4 15  3  0      7 18 18 15      7 22 20 18     11 10 19 13     14  6  6 10     18 16 20  6     20  8 22 16     15 12  8 22     17 12  7 12     16 11 21 12     17 22 21 11      6  8  8 22     13 16 22  8      6 19 13 16     12 16 13 19      1  0  4 16 
  3  7  3  0     18  9 20  7     19 19 15  9      6  8  6 19      6 17 19 17     20  7  7 17     22 12 16  7     8  9  9 12     7 20 10  9     21 19 10 20     21 21  8 19      9  6 22 21     22 22 21  6     13 18 15 22     13 16 14 18      4  0  5 16 
  3 18  3  0     20 19 12 18     15 11 12 19      6  6  9  8     19 13 15  6      7 11 18 13     16  8 10 11      9 18 10 16     10 13  7 18     10 14 11 13      8 16 14 14     22 19 16 16     21 15  7 19     15 17 14 15      6 19 12 17      5  0  1 19 
  3  6  2  0     12 10  8  6     12 19 19 10      9 10 16 19     15 11 11 10     18 11 17 11     10 17 15  7     10  7 21 17      7 11  6  7     11 10  8 11     14 22 12 18     16 13  6 22     19 14 21 13     14 12 12  8     12 18 14 12      1  0  2 18 
  2 17  5  0      8 13  6 17     19 10 18 13     16  7 12 10     11  9 12 11     17 14 13  9     17 17 12 14     21 12 10 17     22 20  7 12      8 14 22 20     12 13  8 14     19 16 21 13     21  6 19 16     12 19 11  6     14 15 18 19      2  0  3 15 
  5  9  1  0      6  8 12  7     18 14 20  8     12 13 11 14     12 15  9 13     13 18 21 15     12 22 10 18     10 15 17  7      7  9 16 15     22  6 18  9      8 10 10  6     21 17 13 10     19 17 16 17     11 20 16 17     18 19  7 20      3  0  5 19 
  1 15  2  0     12 12 20 15    20  9 21 12     6  8 18  9      9  9 17  8     21 21  8  9     10 14 10 21     17  8 16 14     16 15  7  8     18 10 15 15     10 13 19 10     13 13 18 13     16 17 15 13    16 21 15 17     7 20 13 21      5  0  5 20 
  2 21  1  0      6 14 20 21     21 20 22 14     18 17 19 20      8  9 20 17      8  9 15  9     10 11 16  9     16 19 19 11      7  9 13 19     15 15 15  9     19 22  7 15     18 19  6 22     15  6 12 18     15 13  8  6     13 15  6 13      5  0  2 13 
  1  3  0  0     20  5  0  3     22  3  0  5     19  4  0  3     20  4  0  4     15  2  0  4     16  4  0  2     19  4  0  4     13  2  0  4     15  2  0  2      7  1  0  2      6  1  0  1     12  3  0  1      8  3  0  3      6  3  0  3      2  0  0  3 
