  0  3  2  0      0  4 13  3      0  2 16  4      0  2 15  2      0  2 14  2      0  3  6  2      0  2  8  3      0  4 13  2      0  5 16  4      0  1  9  5      0  1  9  1      0  1  6  1      0  5 20  1      0  4 12  5      0  4 20  4      0  0  1  4 
  2 21  1  0     13 19 16 21     16 16 22 19     15 16 17 16     14 14  8 16      6  6 10 14      8 22 16 20     13 18 15 22      9 22  6 18      9  7  7 22      9 16 15  7      6 16 12 16     20  6 18 16     12 17 22 12     20  7  7 17      1  0  2  7 
  1 21  4  0     16 13  6 22    22 11 12 13    17 11 18 11      8  9  9 11     20 17  8  9     16 22 11 17     15 15 21 22      6 19 13 15      7  9 11 19     15 15 15  9     12 14 13 15     18 20  9 14    22 18 22 20     7 21  9 18      2  0  5 21 
  4 16  1  0      6 19 13 16     12 16 13 19     14 21  9 16      9 13 13 21      8 14 12 13     11 11 22 14     21 12 16 11     13 16 14 16     11  7 22 16     15 19 22  7     13 11 10 19     11 14  6 11     22 20  8 14     22 14 21 20      5  0  3 14 
  1 15  2  0     13 18 21 15     13 19 10 18      9 10 16 19     13 19 10 10     12 17  6 19     22 15 10 17     16  6 12 15     14 11 20  6     22 21 21 11     22 19 22 21     10 12 19 19      6 12 18 15      8 22 15 12     21 22 11 22      3  0  5 22 
  2 13  5  0     21 14 10 13     10 20 22 14     16 13 14 20     10 15 15 18      6 13 13 15     10 15  6 13     12 17 12  7     20  9 19 17     21 14 12  9     22 12 18 14     19 15 11 12     18 20 21 15     15 11 14 20     11 11 10  8      5  0  4 11 
  5  9  1  0     10  6 17  9     22 18 19  6     14 12 12 18     15  9 13 12     13 19  7  9      7 20 18 19     12  7  9 20     19 21 15  7      6  7  7 11     18 10 13  7     11 16  9 10     21  6 19 16     14 18 11  6     10 18 18 18      4  0  4 18 
  1 19  5  0     17 16 17 19     19 19 11 16     12 18 20 19     13  7 11 18     13 11 21  7     18 20  7 11      9 18  8 20     15 17  7 10      7 12 14 17     13 13 13 18      9 17 14 13     19 20 18 17     11 15 11 20     18 19 14 15      4  0  1 19 
  5 19  3  0     17  6 17 19      8 12  7  6     20 11 22 12     11 10 15 11     21 20 11 10      7 12 22 20     8  9  9 12     7 20 10  9     14 20  9 20     13 10 14 20     14 10 21 10     18 20 21 20     11 18 13 15     14 16 22 18      1  0  2 17 
  3 19  2  0     17 18 12 19      7 22 20 18     22 21  6 22     13 16 14 18     11  7 20 16     22 12 16  7      9 14 21 12     10 11 22 14      9 12 11 11     14 17  8 16     21 22 10 17     21  9  6 22     13 21  8  9     22 21 10 21      2  0  5  7 
  2 17  5  0     12 14 17 17     20  8 18 14      6 12 10  8     14 10 16 12     20  7 22 10     16 10 22  7     21 17 19 10     22 21 11 17     11  6 21 21      8 22 19  6     10 18 12 22      6 21  6 18      8 19 21 21     10 20 21 19      5  0  3 20 
  5  6  5  0     17  8 13  6     20 10 18  8     10  6  8 10     16  8  8  6     22  8 11  8     16 15  7  8     19 14 21 13     11 13 10 14     21  7 20 13     19 17 22  7     12  8 14 12      6 19  6  8     21 17 13 10     21 12 19 17      3  0  1 12 
  5 20  5  0     13  7  7 20     18  9 20  7      8 13  9 12      8  6 15 13     11 14 17  6     20 21  6 14     21  8  9 21     10 11 16  8     20 16 17 11     22  8 13 16     22  6  8  8      6  9  8  6     18 10 16  9      7 21 17 10      1  0  4  8 
  5 16  5  0      7 12 10 16    20  9 21 12     9 17  8  9     15 13 16 17     17 10 12 13      6 19 17 10      9  8 18 19     16 22 14  8     17 20 18  6     13 17 16 20      8 11 15 17      8 17  8 11    16 21 15 17    17 14 15 15      4  0  3 22 
  5  7  1  0     10 17 15  7     21 12 10 17     13 11 14 12      6 12 19 11     12 20 15 12     17  7 14 20     18 18 15  7     14  8  8 18     18  9  6  8     16 19  9 14     15  9 19 19      8  9 15  9     15 17 18  9     15  7  7 17      3  0  3  7 
  1  3  0  0     15  2  0  3     10  5  0  2     14  4  0  5     19  4  0  4     15  1  0  4     14  4  0  1     15  3  0  4      8  3  0  3      6  3  0  3     18  3  0  3     19  4  0  3     15  2  0  4     18  1  0  2      7  2  0  1      3  0  0  2 
