  0  1  4  0      0  5 20  1      0  2 13  5      0  4 15  2      0  4 19  4      0  2 16  4      0  2 14  2      0  5 21  2      0  3 14  5      0  3  7  3      0  2  8  3      0  3 19  2      0  1 12  3      0  4  8  1      0  3 19  4      0  0  1  3 
  4 16  1  0     20  6 18 16     18  9 22  6     15 17 18  9     19 20 18 17     18 20 21 20     14 20  9 20     21  6 14 20     14 11 20  6      7 22 16 11      8 13 16 22     19 16 21 13     12 14 10 16      8 16 22 14     19 21 15  7      1  0  2 21 
  1 21  4  0     18 13 19 10    22 11 12 13    18 11 17 11     18 13 15 11     21  7 20 13      9 16 15  7     14 14  8 16     20  8 18 14     16 14 17  8     21 13 19 14     21 14 10 13     10 20 22 14    22 18 22 20    15  6 12 18      2  0  3  6 
  4 13  2  0     19  7  9 13     12 10 16  7     17 22 15 10     18 14 16 22     20 16 13 14     15 16 17 16      8  8  6 16     18 19  9  8     17  6 17 19     19 13 15  6     10 21 17 13     22 11 22 21     22 21 21 11     12  9 14 21      3  0  4 15 
  2 17  1  0      9 10  6 17     16 19  9 10     15 11 12 19     16 19 19 11     13 16  6 19     17 19 17 16      6  8  6 19     22 16 20  8     17 11 20 16     15 17  8 11     17 12 14 17     22 20  7 12     21 19 10 20     17 20  9 19      4  0  4 20 
  1 14  4  0      6  8 12  7      9 21 21  8     12 16 11 21     19 17 22  7      6 11 14 17     17 22 21 11     20 22 14 21     20  8 14 22     20 10 18  8      8 11 11 10     14 20 15 11      7 18  9 20     10 21 20 11      9 16 14 21      4  0  5 16 
  4 12  5  0     12 18 14 12     21 15 13 18     11 11 10 15     22 12 20 11     14 17  7 12     21 22 10 17     14 11 11 22     14 12 13 11     18 20 19 12     11 15 11 20     15 17 14 15     20  7  7 17     20 10  9  7     14 20 13 10      5  0  5 20 
  5  7  2  0     14 20 17  7     13  7  7 20     10  7 21 17     20 18 19  7      7 21  9 18     10 14 10 21     11 16  8 10     13 16 14 16     19  9 14 16     11  8  9  9     14 12 13  8      7  9 20 12      9 17  8  9      8 11  8 17      5  0  4 11 
  2  7  1  0     17 15  7  7      7 18 18 15     19  6 22 18      7  7 11  6      9 11 19  7     10 12 19 19     8  9  9 12    14 18 20  9     14  8  8 18      9 15  9  8     13 16 14 18     20 13 17 16      8  6 15 13      8 18  9  6      4  0  4 18 
  1  9  1  0      7  7 22  9     18 10 13  7     22 22 21  6     11 17 16 22      6  6 10 14     19 12 17  6      9 21 14 12     10 21 22 21      8 19 21 21     11  6 12 19     11 11 14  6      8 22  8 11     15 15 21 22      9 19 19 15      4  0  1 19 
  1 19  5  0     22 21 22 19     21 11  6 21     21  7 13 11     16 10 22  7     10  6  8 10     17  8 13  6     14 12 12  8     22 10 18 12     21 17 19 10     21 12 10 17     14 13 15 12      8  6  6  9     21  6 18  6     19 17 10  6      1  0  1  6 
  5  6  5  0     22 16 13  6      6 12 15 16     13 17 10 12     22 10 20  7      8  6 12 10     13 13 15  6     12 15  9 13     18 10 15 15     19 13 11 10     10 14 11 13     15 18 19 14      6 17 20 18     18  7 22 20     10 15 17  7      1  0  4 15 
  5 14  4  0     13 21  9 13     15 18 20 21     10 18 18 18     20  7 11 18     12 17 12  7     15 13 16 17      9 17 14 13     15  7 10 17     11 18 13  7     11  6 14 18     19 16 21  6     11  7 20 16     22 12 16  7     17 22 12 12      4  0  3 22 
  4 13  3  0      9 12  8 13    20  9 21 12    18 10 16  9     11 16  9 10     12 16  6 16     16 22 19 16     14 10 11 22     10 13 19 10     13 18 13 13     14 22 12 18     21  9  6 22     20 17  8  9    16 21 15 17    12 19 17 21      3  0  5 19 
  3 18  3  0      8 20  9 18     21  8  9 13     16 15  7  8      9 15 15 15      6 13 10 15     19 12 16 13     11 11  9 12     19 22  7 15     13 18 15 22     12 19 17 18      6  8 22 19      8 22  6  8     15 12  8 22     12 20 15 12      5  0  3 20 
  3  2  0  0     18  1  0  2      9  5  0  1      7  1  0  5     15  2  0  1     10  5  0  2     16  5  0  5      9  1  0  5      7  2  0  1     15  2  0  2     17  5  0  2     22  3  0  5      6  3  0  3      8  3  0  3     15  2  0  3      3  0  0  2 
