  0  1  4  0      0  5  7  1      0  5  6  5      0  3 20  5      0  1 12  3      0  4 15  1      0  3 22  4      0  4 15  3      0  1 14  4      0  1  9  1      0  4 16  1      0  4 18  4      0  1 19  4      0  2 21  1      0  3 15  2      0  0  2  3 
  4 11  5  0      7 20 16 11     22 11 22 21     20  6 14 11     22 18 19  6     15  7 18 18     22 21 10 21     15  7 19 21     14 20 17  7      9 20 14 20     16 13 14 20     18 15 22 13     19 22  7 15     21  6 22 22     15 13  8  6      2  0  4 13 
  5 14  4  0     16 13 16 14    22 11 12 13    14  6 11 11     19 12 17  6     18 14 22 12     10 20 22 14     19 12 18 20     16 11 21 12     14 12 13  8     14 17 17 12     22  7 19 17      7 20 13  7    22 18 22 20     8 20  9 18      4  0  4 20 
  4 12  5  0     16  6 16 12     12 15 16  6     11 18 13 15     17 19 20 18     22 21 22 19     22 15 15 21     18 10 15 15     17 21 22 10     13 19 14 21     17 18 12 19     19  9  8 18     13 12 15  9     22 20  7 12      9 19 17 20      4  0  3 19 
  5 22  3  0     18 14 16 22     16 19  9 14     13 11 10 19     20 11 15 11     22 14 11 11     15 18 19 14     15  7  8 16     22 20 18  7      7 22 10 20     12 12 17 22      8 22 15 12     15 10 17 22      7 21 17 10     17 19 10 21      3  0  5 19 
  3 19  2  0     16 21 13 19      9 13 13 21     10 21 17 13     15 18 20 21     11 17 11 18     19 17 16 17      8  9  9 17     18 10 16  9     10  6  8 10     17 19 17  6     16 16 22 19     13 19 12 16     17 10  6 19     10 13 19 10      5  0  2 13 
  2 18  1  0     13 13 13 18     13 15  6 13     17  7 10 15     20 10  9  7     11 22 14 10     16 11  7 22      9 12 11 11     16  7 22 12      9 20 12  7     17  8  9 20     22 16 20  8     12 14 10 16      6  6 10 14     19  6  8  6      2  0  3  6 
  1  9  5  0     13 21  8  9      6 19 16 21     10 12 19 19      9 14 21 12     12 12  8 14      7 10 17 15     11 16  8 10     22 14  8 16     12 12 18 14      9 21 14 12     20 18 20 21     10 13  7 18     10 14 20 13      8  8 18 14      3  0  2  8 
  5  7  2  0      8 13  6 17     16 22  8 13     19  6  8 22     21  6 18  6      8 12  7  6     17 12  7 12     8  9  9 12     8  6  6  9     18 16 20  6     14 17  8 16     20  7  7 17      7 22  9  7     20  8 14 22     18 14 20  8      2  0  2 14 
  2 17  1  0      6 11 14 17      8 17  8 11      8 11 15 17     18 20  7 11      7 20 18 19      7  9 16 15      9 11  8  9      6 12 19 11     20 11 22 12      8 22  8 11      7 16 10 22      9 10 11 16     14 11 13 10     20  7 18  9      2  0  1  7 
  1 21  4  0     14 10 13 21     18 18 18 10     15  6 12 18     12 10  8  6     18 13 19 10     16 17 15 13     16 15 16 17     11 12 19 15     22 10 18 12      8 11 11 10     10 15 11 11     11 14 20 15     13  9 17 14     18  7 21  9      1  0  2  7 
  4 19  4  0     13 15  6 19      7  7 17 15     12 14 17  7      8 16 14 14     19  9 10 16     15  9  8  9      9  6  8 18     19 13 16  6     18 21 15 13     11  6 21 21     22 21  9  6     20 11 10 21     17 22 21 11     21 21 11 22      2  0  5 21 
  4 15  2  0      6 13 10 15     17 16 20 13     17 11 20 16     14 12 13 11     10 16  7 12      8  8  6 16      8 22  6  8     16 13  6 22     15 12 14 13     18  8 20 10      9 21 21  8     10 14 10 21     21  9 16 14     11 19  7  9      5  0  1 19 
  2 17  5  0     10 12 13 17    20  9 21 12    14 18 20  9     13  7 11 18      7 11  6  7      6 14 18 11      6 18  9 22      6 17 20 18     14 15 15 17     20 21 19 10     21 12 19 17     10 17 21 12    16 21 15 17     7 20 13 21      1  0  5 20 
  5  9  1  0     13 19  7  9     21 21  8 19     20 22 14 21     11 17 16 22      6 14 20 21     18 13 16 14      9 12  8 13     20 15 12 12     15  9 15 15     19 19 15  9     19 11 16 19     21  7 13 11     15 17 18  9      9 10  6 17      5  0  2 10 
  1  3  0  0      7  3  0  3      8  3  0  3     14  5  0  3     16  5  0  5     20  5  0  5     16  4  0  5      8  1  0  4      6  1  0  1     15  2  0  1     15  2  0  2     16  4  0  2     13  3  0  4     18  3  0  3      6  3  0  3      2  0  0  3 
