  0  2  3  0      0  4 15  2      0  4 18  4      0  1 14  4      0  1  6  1      0  1  9  1      0  2 18  1      0  3 19  2      0  2  8  3      0  1 15  2      0  5  9  1      0  1 19  5      0  5 20  1      0  5 16  5      0  4 11  5      0  0  1  4 
  3 22  4  0     14 12  9 21     18 14 22 12     14  8 16 14      6  8 22 19      9  9 11  8     18  7 21  9     19 21 15  7      8 19 21 21     15  9 19 19      9 17  8  9     19 10 21 17     20  7 22 10     16 10 22  7      6  8 10 10      1  0  4  8 
  4 15  1  0      9 13 12 15    22 11 12 13    16 19 19 11     22  7 15 19     11 18 13  7     21 15 13 18     15 15  9 15     21 22 15 15     19 22 21 22      8 13 16 22     21 14 10 13     22 20  8 14    22 18 22 20    10 16  9 18      4  0  5 16 
  1  7  2  0     12 10 16  7     12 13 11 14     19 14 21 13     15 18 19 14     13 15 11 18     13  8  6 15      9 15  9  8     15 17 14 15     21 22 10 17     16 11  7 22     10 21 20 11      8  9 21 21     22 19 16 16      9 14 16 19      5  0  3 14 
  2 15  2  0     16  6 12 15     11 14 17  6     21 12  9 14     19 15 11 12     11 14 20 15      6  6 10 14     19 12 17  6     14 13 15 12     10 15  6 13      7  9 16 15     20  7 18  9     21 17 10  7     16 20 13 17     16 13 14 20      3  0  4 13 
  2 21  1  0     12 19 17 21     17 20  9 19      9 18  8 20     11 17 11 18     20  9 14 18     10 16 19  9     17 16 15 16     15  7  8 16     19 17 22  7     16 22 11 17     18 13 16 14     10 14 11 13     13  6 17  8     21 21 11  6      4  0  2 16 
  1 21  4  0     17 13 10 21      9 12  8 13      8 14 12 12     11 11 10 15     14  6 11 11     19 13 16  6     15  6 13 13      8  8 22  6     22  8 11  8     11 11 10  8     22 20 18  7     12  7  9 20     18 18 15  7     11  6 14 18      2  0  3  6 
  4 20  4  0     10  9  7 20      8 18 19  9     12 19 17 18     10 12 19 19     11 11  9 12     16  9 10 11     13 21  8  9     22 21 10 21     11 22 21 21     10 18 12 22     18 18 10 18      9 15 17 18     15 18 10 15     14 17 17 12      3  0  3  6 
  4 19  4  0      7  9 13 19     19  6 22 18     12 10  8  6     19 13 11 10      9 17 14 13     21 12 10 17     8  9  9 12    10  6 17  9     21  6 18  6     12 19 11  6     10 20 21 19     17  8  9 20     10 11 16  8     17 22 21 11      3  0  5 22 
  4 16  1  0     13 16 14 16     22 18 14 16      8  8  6 16     11  8 17  8     14 20 13 10     10 18  8 20      9  6  8 18     17 20 18  6     18 14 12 12     11 20  6 14     21  6 14 20      9  8  6  6     16 14 17  8     20  9 20 14      5  0  1  9 
  1 12  3  0     14 10 16 12     14 10 21 10      6 19 17 10     17 19 20 18     13 15  6 19     17  8 11 15      8 18 14  8     15 22 13 18     12 12 17 22      6  7  7 11     20 16 11  7      6 16 12 16     17 15 13 16     10 17 22 15      1  0  2 17 
  3 18  3  0     16 20  6 18     21 15 18 20     17  7 10 15     20 13  7  7      6 22 16 13     11 22 21 22     14 10 11 22     13 19 10 10     17 16 17 19      7 20 18 19     11 15 11 20     12 12 20 15     13  8 14 12     22 15 12  8      2  0  3 15 
  3 19  4  0      6  8  6 19     18 14 20  8     10 20 22 14      7 12 22 20     16 13 19 12     21  7 20 13     11 18 20  7     10 13  7 18     17 10 12 13     18 13 19 10     11 21  7 13     20 22 14 21     14  8 16 22     12  7  6  8      3  0  3  7 
  4 15  3  0      6 12 18 15    20  9 21 12    22  6 18  9     22 22 21  6     14 11 11 22     20 16 17 11     20  8 22 16      7 22  9  7     12 20 11 22     19 12 18 20      7 12 17 12     14 17  7 12    16 21 15 17     6 19 16 21      3  0  5 19 
  3  8  3  0     12 16  7 22     21 13 19 16     18 13 13 13     21  9 13 13     11 19  7  9     17  6 17 19     22 21  9  6      9 16 14 21     11 21 12 16     18 20 21 20     17  7 14 20      7 17 15  7     15  7 10 17     17 20  7  7      5  0  3 20 
  3  2  0  0      7  1  0  2     19  4  0  1     13  2  0  4     13  5  0  2      7  2  0  5     17  5  0  2      6  5  0  5     14  4  0  5     12  5  0  4     21  2  0  5     14  2  0  2     10  5  0  2     20  5  0  5      7  1  0  5      3  0  0  1 
