  0  2  3  0      0  5 21  2      0  2 10  5      0  3 15  2      0  3  6  3      0  5 22  3      0  1 19  5      0  1  6  1      0  1  9  1      0  5  7  1      0  4 12  5      0  1 19  4      0  5 20  1      0  5 16  5      0  3 20  5      0  0  1  3 
  3 19  2  0     21 21  8 19     10 21 22 21     15 13 18 21      6 14 18 11     22 12 18 14     19 11  6 12      6  7  7 11      9 20 12  7      7 22 10 20     12 12 17 22     19 17 21 12     20  7  7 17     16 10 22  7     20 21 19 10      1  0  2 21 
  2 15  2  0      6 13 10 15    22 11 12 13    18 11 17 11     18 13  7 11     21  8  9 13      6 15 13  8      7 19 21 15     12 16 11 21     19  9 10 16     17 22  7 19     21  9  6 22      7 20 10  9    22 18 22 20    19  7 20 18      2  0  1  7 
  2 18  1  0     10 15 15 18     12  8 22 15     17 20 18  6      7 11 18 20      9 12 11 11     13  8 14 12     21 17 13 10     11 20 16 17     10 18  8 20      7 21  9 18      6 14 20 21     10 20 22 14     22 14 21 20     20  8 18 14      1  0  4  8 
  1  9  5  0     14 21 12  9     22 11 22 21     18 13 15 11     18 15 22 13     11 12 19 15     14 10 16 12     13  7 18 10     16 14 21  9      8  8 18 14      9  9 11  8     20 17  8  9     22 15 10 17     21 22 15 15     18 19  6 22      4  0  3 19 
  5 16  4  0     12 16  6 16     22 19 16 16     15  9 19 19     22  6 18  9     19 13 15  6     16 13  6 22     18 13 13 13     21  9 13 13      6  8 18  9     11 11 10  8      8 17  8 11     10 12 13 17     15  9 13 12      6 17  9 10      3  0  3  7 
  4 15  1  0      6 13 13 15     16 17 15 13     19 17  6 17     18 12 19 17     15 16  6 12      6 19 13 16     13 11 10 19     13 10 14 11     21 17 19 10     10  6 19 17      8  8 22  6     13  9 12  8     13 19  7  9      9  8 18 19      3  0  2  8 
  1 12  3  0     13 11 14 12     15 17  8 11      6 11 14 17     19  7  9 11      6  8 12  7     13  6 17  8     16  8  8  6     14 22 20  8     19  6  8 22     19  6  8  6     22 22 21  6     12 20 11 22      7 12 22 20     18 15  6 12      2  0  1 15 
  3 22  4  0     14 11 11 22      8 22  8 11     14 10 11 22      9 19 17 20     12 17  6 19     17 12 14 17     8  9  9 12    20 14 20  9      8 16 22 14      8 10 11 16     21 10 14 10     11 16  9 10     22 11 17 16      6  9  8  6      1  0  5  9 
  4 18  4  0     11 10 15 11      8 16 15  7     11  7 22 16     14 20 17  7      6 14 11 20     14  8 16 14      9 21 21  8     20 11 10 21     22 21 21 11     11 17 22 21     14 12 12 18      9 21 14 12     17 10  7 21      8  6 12 10      5  0  5  6 
  4 16  1  0     15 16 17 16     15  7  9 16     22  9  7  7     17 14 13  9     11 14  6 11     16 22 18 14     21 22 19 22     10 17 21 22     21 12 10 17     22 10 18 12     12 16  7 22     20  6 18 16     14 12 12  8     12 20 15 12      5  0  5 20 
  1 14  4  0     17  7 12 14      9 15 17 18      7 10 17 15     13 21 14 10      6 18  6 21     18 10 18 18     14 20 13 10     21 15 18 20      9 15 15 15     18 19 14 15      7 20 13  7     18  7 22 20     12 17 12  7     15 17 14 15      5  0  2 17 
  4 19  4  0     12 18 20 19     17 19 20 18     17 16 17 19     14 16 13 16     19  9 14 16     18 10 16  9     13 19 10 10     18 15  7 18     15  9  8  9     14 18 20  9     13 19 10 18     22  7 15 19     12 10 16  7     14  6  6 10      2  0  3  6 
  4 13  2  0     19 12 16 13    20  9 21 12    17  8  9  9     13 16 22  8     14 18 13 16     16 21 13 19     10 12 19 19      7 17 15  7      8 16 14 17     20  8 22 16     10 10  6  8     15 17  7 10    16 21 15 17     6 19 16 21      3  0  5 19 
  2 17  1  0     16 20 13 17     21 20 18 20      9 18  8 20      9 20  7 18     13 21  7 20     13 19 14 21     19 11 16 19     15 11 20 11     14 20 15 11     16 11  7 20      6 21 21 11      7 13 11 21     15 12 14 13     16 13 14 20      5  0  2 13 
  1  4  0  0     13  3  0  4     18  3  0  3      8  3  0  3     14  5  0  3      7  2  0  5     14  2  0  2     16  4  0  2     20  4  0  4     15  2  0  4      7  1  0  2     21  4  0  1     11  5  0  4     14  4  0  5     15  3  0  4      2  0  0  3 
