[ 0  3  2  0]     0  3 18  3      0  3  8  3      0  2  8  3      0  5 21  2      0  2 17  5      0  2 15  2      0  4 15  2      0  5 16  4      0  4 12  5      0  2 16  4      0  2 14  2      0  4 13  2      0  3 22  4      0  3  7  3      0  0  2  3 
  2  7  1  0     18 14 16 22      8 16 22 14      8  8  6 16     22 19  6  8     17 21 12 19     15 13 18 21     15 13  8  6     16 10 22  7     12 13 17 10     16 17 15 13     14 13  9 17     13 21  9 13     22 19 22 21      7  9 13 19      2  0  3  6 
  1 12  3  0     16 13 19 12    [22 11 12 13]     6 14 18 11      6  6 10 14     12 18 15  6     18 10 16  9      8 11 11 10     21  7 13 11     17 15  7  7     15 15  9 15      9  8  9 15      9 20 17  8    [22 18 22 20]    13 13 13 18      3  0  4 13 
  3  6  3  0     19 17 10  6     12  7 12 17     18 10 13  7     21 10 14 10     15 15 18 10     16 17 16 15     11 18 11 17     13  7 11 18      7 11  6  7      9 12 11 11      9 14 21 12     17  7 12 14     22 20 18  7      8 14 22 20      4  0  5 14 
  3 19  4  0     10 10 13 19     12 19 19 10     13 11 10 19     14 20 15 11     18 19  7 20     16 21  6 19     11  6 21 21     11 14 17  6      6 11 11 14     11 22 14 11     21 22 11 22     12  7  6  8     18  9 20  7     22  6 18  9      5  0  5  6 
  4 20  4  0     13  7  7 20     19 21 15  7     10 16 19  9     15  7  8 16     15  9 19 19      6 22 21  9     21  6 22 22     17  8 13  6     11  8 17  8     14  8 16 14     18 14  8  8     10 11 22 14     20 11 15 11     18 13 15 11      5  0  2 13 
  4 15  3  0      7 10 17 15     15  6 13 10     19 12 17  6      8 22 15 12     18 14 22 12     21  9 16 14     22 12 12 17     13 11 14 12     17 22 21 11     16 11  7 22      8 22  8 11     21 21 11 22     15 18 20 21     15  7 18 18      2  0  1  7 
  3 15  2  0     17 18  9 15      8 19 21 21     17 22  7 19     15 15 21 22     22 13 18 15     16 14 18 13     12 12  8 14     14 10 16 12     21 20 11 10      7 12 22 20      6 22 18 19     11 17 16 22     20 18  6 17     18 18 10 18      1  0  2 18 
  2 17  1  0      9 10  6 17     21 17 13 10      7 14 20 17     21 20 22 14     18 17 19 20     18 12 19 17    [ 8  9  9 12]    16 15  7  9     11 11 10 15     22 12 20 11     18 20 19 12     16 17 11 20      6 17 19 17     10  7 21 17      2  0  5  7 
  1  9  1  0      6  8 18  9     13 16 22  8     20  8 22 16     22  6  8  8     19  6  8  6      6  9  8  6      9 11  8  9      7 20 16 11     10  9  7 20     13 21  8  9     19 10 20 21     11 16  8 10     19  9 14 16     21 14 12  9      5  0  3 14 
  1 15  2  0     18 19 14 15     22  7 15 19     22 12 16  7      8 13  9 12      8 18 19  9      8 20  9 18      8 18 14 20     16 20  6 18      7  7 17 20     11 18 20  7     20 21 20 18      8  9 21 21     14 18 20  9     12 22 10 18      3  0  5 22 
  2 21  1  0     14 10 13 21     15 17  7 10     16 20 13 17      9 19 17 20     16 16 22 19      9 10 11 16     14 20 13 10      6 14 11 20     17  8 16 14     20 10 18  8     20  7 22 10     21  9 18  7     17  8  9  9     10 10  6  8      5  0  2 10 
  1  9  5  0     13 12 15  9      7  9 20 12     13 14 20 16     17 17 12 14     22 15 10 17     11 12 19 15     13  8 14 12     11 15 17  8     16  6 12 15     18  6 21  6     22 16 13  6      7 12 10 16     16  6 16 12      6 19 13 16      2  0  3 19 
  5 20  1  0     15 12 12 20    [20  9 21 12]    20 14 20  9     12 12 18 14     10 17 21 12     19 17 16 17     19 10 21 17     17 21 22 10     12 16 11 21     21 13 19 16     13 15  6 13     15 17 14 15    [16 21 15 17]    13 19 14 21      3  0  5 19 
  1  6  1  0     12 10  8  6     21 22 21 10     14 10 20 22     18 13 19 10     10 14 11 13     16 13 16 14     21  7 20 13     22  9  7  7     11 19  7  9     19 11 16 19      6 12 19 11     14 13 15 12     15  6 19 13     14 20 21  6      5  0  3 20 
  1  4  0  0      8  1  0  4     21  4  0  1     18  4  0  4     19  4  0  4     11  5  0  4     16  5  0  5     20  5  0  5      7  1  0  5     14  4  0  1     16  1  0  4     19  4  0  1     15  1  0  4     19  5  0  1      9  1  0  5      3  0  0  1 
