  0  1  4  0      0  4 15  1      0  5 16  4      0  1 19  5      0  4  8  1      0  3 22  4      0  3 18  3      0  5 19  3      0  5 16  5      0  3 14  5      0  2  8  3      0  5  7  2      0  2 17  5      0  2 15  2      0  3 15  2      0  0  1  3 
  4 13  2  0     15 12 14 13     16  7 22 12     19 17 16 17      8  9  9 17     22  6 18  9     18  6 21  6     19 12 17  6     16  6 16 12     14 11 20  6      8 20  9 18      7  7 17 20     17 15  7  7     15 21 22 15     15  7 19 21      1  0  2  7 
  2 21  1  0      7 13 11 21    22 11 12 13    16  9 10 11      9 11  8  9      8 22  8 11     21  6 14 20     17 19 17  6     16 16 22 19     20  6 18 16      9  8  6  6     17 21 22 10      7 20 13 21    22 18 22 20    19  7 20 18      2  0  1  7 
  1 15  2  0     11 18 13 15     12 19 17 18     10 20 21 19      8 14 22 20     20 16 13 14     14 18 13 16     15  6 12 18     22 21  9  6      8 19 21 21      6  8 22 19     22 16 20  8     13 16 14 16     22 14  8 16     20 13 10 14      1  0  1  6 
  2 10  5  0     13 10 21 17     17 22 15 10     21  6 22 22     22 18 19  6     13 13 13 18     13 15  6 13     12 12 20 15      9 21 14 12     21 11  6 21     22 14 10 11     20  9 20 14     14 18 20  9      8 20 10 18     10  9  7 20      1  0  1  9 
  5 20  5  0     11 10 21 20     15 11 11 10     22 12 20 11     19 17 21 12     14 13  9 17      6 17  8 13     20  9 19 17     14 16 19  9      6 12 15 16     14 17  7 12     20 18  6 17     20  7 11 18     10 15 17  7     16 17 16 15      1  0  2 17 
  5 22  3  0     21 11 17 22     11 22 14 11     20 18  7 22     21 15 13 18      9  8  9 15      8  6 16  8     19 13 15  6     19 14 21 13     15 15 17 14      7  8 16 15      6 19  6  8     11  6 12 19     17  9 10  6     16 14 21  9      2  0  2 14 
  3 19  2  0     15  9 19 19     14 21 12  9     14 10 13 21     13  7 18 10      9 20 12  7     16 11  7 20     15 17  8 11     21 12 10 17     17 22 12 12     16 13  6 22     10 14 11 13     12 12 18 14     10 16  7 12     21  6 19 16      2  0  3  6 
  2 13  5  0     19 16 21 13     12 14 10 16     14  8 16 14     18 14  8  8     12 12  8 14      7 12 17 12     8  9  9 12    10 16 19  9     12 14 17 17      6 11 11 14     11  9 12 11     18  7 21  9      7 20 13  7      7 12 22 20      3  0  1 12 
  5  7  1  0     21 17 10  7     10 12 13 17     16 11 21 12      8 17  8 11      8 16 14 17     17 15 13 16      9 13 12 15     19 10 10 13     17 15  7 10     11 20 11 15     17  7 14 20     18 18 15  7     13  7 11 18     22  9  7  7      1  0  5  9 
  1 21  4  0     10 14 10 21     10 20 22 14     21 20 18 20      8 18 14 20     14 16 22 18     13 19 12 16     12 18 20 19     10 15 15 18      7  9 16 15     11 19  7  9     14 15 18 19     15 15  9 15     11 12 19 15      7  6  8 12      5  0  5  6 
  4 18  4  0     10 18 13 19     22 11 17 16     18 11 17 11     14 12 13 11     22 10 18 12     12 10  8  6     20 22 14 21     16 11  7 22     16 19 19 11      7  9 13 19     18 10 16  9     10  6  8 10     19 17 10  6      8  9 20 17      5  0  1  9 
  4 20  4  0     13 11 10 19     17 19 20 18     17 22  7 19     13 18 15 22     18 10 18 18      8 11 11 10     14 20 15 11      7 18  9 20     19  9  8 18     13 13 21  9     16  6 19 13      8  8 22  6     10 11 16  8     20 16 17 11      1  0  4 16 
  4 19  4  0     10 12 19 19    20  9 21 12     6  8 18  9      9 13 21  8     18 14 22 12     17  6 11 14     15 13  8  6      9 12  8 13      8 22 15 12     21 22 11 22     10 20  7 22     13 17 16 20    16 21 15 17    17 19 10 21      4  0  1 19 
  4 15  2  0     19 22  7 15     21 22 19 22     18  9 15 17     21 21  8  9     22 21 10 21     11 22 21 21      8 13 16 22      8 14 12 13     15 18 20 21     11  6 14 18      7  7 11  6     16 10 22  7     15  6 13 10     10 14  6  6      1  0  2 18 
  2  3  0  0      7  3  0  3     19  4  0  3     15  3  0  4      8  3  0  3     20  5  0  3     21  2  0  5     16  4  0  2     12  5  0  4     20  1  0  5     14  4  0  1     11  5  0  4     14  4  0  5     13  3  0  4      6  3  0  3      2  0  0  3 
