  0  1  4  0      0  5  9  1      0  5  6  5      0  5 16  5      0  4 12  5      0  4 20  4      0  1 14  4      0  4 16  1      0  1 19  4      0  4  8  1      0  1 21  4      0  2 21  1      0  1 15  2      0  2 17  1      0  2 15  2      0  0  3  2 
  4 15  2  0      9 19 19 15      6  8 22 19     16 22 14  8     12 16  7 22     20 13 17 16     14 20 16 13     16 17 11 20     19 17  6 17      8  9  9 17     21 14 12  9     21 20 22 14     15 11 14 20     17 16 22 11     15  7  9 16      3  0  3  7 
  2 10  5  0     19 13 11 10    22 11 12 13    14 17  6 11      7 10 15 17     17 21 12 10     14 20  8 18     11 15 11 20      6 12 18 15     14 17  7 12     12  7 12 17     22 20 18  7     14 20  9 20    22 18 22 20     9  6  8 18      3  0  3  6 
  5 22  3  0     18 14 16 22     12 13 11 14      6 22 16 13     15 12  8 22     12  8 14 12      8 14 22 20     11 20  6 14     18  6 17 20      7 17 15  7     12 14 17 17     18 11  6 14      9  8  6  6     22  6  8  8      8 12  7  6      3  0  1 12 
  3  6  2  0     16  8  8  6     11 15 17  8     16 19  9 10     19 10 12 19     14 11 13 10     22 14 11 11      6 11 11 14     17 22 21 11     15 10 17 22     17 21 22 10      6 19 16 21      6  8  6 19      8 11  8 22     19  7  9 11      1  0  2  7 
  2 14  2  0     12 13  8 14     17 11 18 11      6 12 19 11     12 20 15 12     13 10 14 20     11 16  9 10     11  7 20 16     21  9 18  7     17 18  9 15     16 20  6 18     16 14 17  8      6  6 10 14      8 10 10  6      9  7 20 10      2  0  5  7 
  2 16  4  0      8 10 11 16     18  8 20 10     19 21 21  8     15 18 20 21     14  8  8 18      9  9 11  8     15 15 15  9     18 19 14 15      9  8 18 19      6 15 13  8     17 14 15 15     10 11 22 14     10  8 11 11     20  9 18  8      5  0  1  9 
  4 15  1  0     11 11 10 15      7 22 16 11     21 10 21 22     20 21 19 10      8  9 13 21     16  9 18 10     15  9  8  9     14 18 20  9     18 10 18 18     13 19 10 10     15 11 12 19     22 21 21 11     11  6 21 21     18  9 22  6      1  0  1  9 
  1  7  2  0     10 17 15  7     16 17 19 17     21 12 19 17     19 17 18 12     13 10 21 17     18 12 22 10     8  9  9 12    20 12  7  9     18 14 22 12     10 20 22 14     12 12 17 22     21  7 13 11     18 10 13  7     22  7 16 10      1  0  5  7 
  2 17  5  0     15 13 16 17     19  7  9 13     22 10 20  7     18 13 19 10     21 14 10 13     22 21  9  6      9 13 13 21      7 11 18 13     22 21 22 11     22 19 22 21     17 22  7 19     13 18 15 22     13 13 13 18     16  6 19 13      5  0  4 11 
  5 16  4  0     16 22 19 16      9  7  7 22     20 13  7  7     19 12 16 13     10  8  6 12      9 20 17  8     13 21  7 20     12 16 11 21     22  8 13 16     22 16 20  8      7 12 10 16     15 16  6 12     13 16 14 16     19 19 11 16      4  0  3 19 
  4 18  4  0     19  6 22 18      7  7 11  6      7 17 20  7     16 15 16 17      6 13 10 15     17 10 12 13      7 21 17 10     19  9 14 16     13 12 15  9     20 11 22 12     10 21 20 11      6 14 20 21     14  8 16 14     11  8 17  8      3  0  3  8 
  4 19  4  0     22  7 15 19     11 18 20  7     20 19 12 18     16 21 13 19     10 14 10 21     12 12 18 14     17  6 19 12     14 10 16 12     15  6 13 13     22 22 21  6     20  7 12 22     20 18 19  7     16  6 16 12     17  8 13  6      3  0  2  8 
  4 13  3  0     15 12 14 13    20  9 21 12    12 11 11  9     13  9 12  8     10  6 17  9     18  6 21  6     19 13 15  6     16 14 18 13     13  9 17 14     21 21  8  9     12  9 14 21     19 17 20  9    16 21 15 17    13 19 14 21      2  0  3 19 
  3 15  2  0     15 18 10 15     21 15 13 18     11 18 13 15     17 19 20 18     17 10  6 19     21 17 19 10     15  7 19 21     18  9 20  7     17  7 14 20      8 16 15  7     14 21  9 16     20 18 20 21     15 15 21 22      7 18 18 15      3  0  3 18 
  2  3  0  0     22  4  0  3     13  2  0  4     13  5  0  2     20  1  0  5      6  1  0  1     19  5  0  1     19  3  0  5     20  5  0  3     14  4  0  5     15  3  0  4     14  5  0  3     20  5  0  5     21  2  0  5     18  1  0  2      3  0  0  1 
