  0  1  3  0      0  4 15  1      0  1 19  4      0  2  7  1      0  4 13  2      0  3 19  4      0  5 19  3      0  1 19  5      0  2 17  1      0  2 14  2      0  3 19  2      0  1 12  3      0  1  9  1      0  4  8  1      0  4 20  4      0  0  1  4 
  3 18  3  0     15  7 18 18     19 17 22  7      7 14 20 17      6 11 11 14     19  6  8 22     19 17 10  6     19 17  6 17     17 12 14 17     14 17  7 12     19 10 21 17     12 19 19 10      9 14 16 19      8 16 22 14      9 18 10 16      1  0  2 18 
  3 14  5  0     18 13 19 10    22 11 12 13    20 16 17 11     11  7 22 16      8  9  9 17     10  6 17  9      6 10 14  6     14 20 13 10      7 22 10 20     18 19  6 22     21 22 10 17     18 20 21 15    22 18 22 20    10 15 15 18      2  0  2 15 
  5 16  4  0     19  9 10 16     12 11 11  9      8 17  8 11     22 12 12 17      9 14 21 12     17  6 11 14     14 11 20  6     13 13 21  9     10 21 17 13      6 14 20 21     10 21 10 14     21  8 19 21     22 15 12  8     15 15  9 15      2  0  1 15 
  4 19  4  0     10 10 13 19     11 22 14 10      8 11  8 22     14 20 15 11     12  7  9 20     11 18 20  7      6 21  6 18     21 11 22 21     17 16 22 11     22  8 13 16     10 11 16  8      6 14 18 11     17  8 16 14      9 20 17  8      1  0  5 20 
  4 15  3  0     13 18 21 15     14 22 12 18      8 18 14  8     15  6 12 18      9  8  6  6     20 10 18  8      6  8 10 10     22  6  8  8     22 16 13  6     13 16 14 16     16 17 16 15     18 12 19 17     16  6 16 12     17 20 18  6      5  0  5 20 
  3  7  3  0     21  9 18  7     12  8 13  9     14 22 20  8     12 20 11 22      6 12 15 16     18 20 19 12     10  9  7 20      8  9 15  9     13 12 15  9     14 13 15 12     16 17 15 13     19 17 16 17     16 20 13 17     18 20 21 20      5  0  3 20 
  3  8  3  0     18  9  6  8     13 21  8  9     20 11 10 21     11 10 15 11     15  6 13 10     19  6  8  6      7 16 10 22     15  7  9 16     15 19 22  7     15 11 12 19     15 11 20 11     16 19 19 11     13 14 20 16     21 13 19 14      3  0  4 13 
  3 22  4  0     13 13 15  6      8 14 12 13     10 20 22 14     15 12 12 20     13 11 14 12      6 12 19 11     8  9  9 12    11 19  7  9     22  6 18  9     12 10  8  6     20 18  7 22     19  7 20 18     20 13 21  7     19 16 21 13      4  0  2 16 
  4 16  1  0     15  7  8 16     12 22 20  7     22 21  6 22     12 16 11 21     14 18 13 16     19  9  8 18      9 11  8  9      7 20 16 11     18 17 19 20      8 13  6 17      7 18 10 13     20  9 14 18     13 19  7  9     21 15  7 19      2  0  3 15 
  1 14  4  0      8 16 14 14     20  8 22 16      6 16  8  8      6 19 13 16     13 13 18 13      8  6 15 13      8 12  7  6     16  7 22 12     12 17 12  7      6 19 12 17     10 20 21 19     14 20  9 20      7  7 17 20      7 22  9  7      3  0  5 22 
  4 18  4  0     14 12 12 18     22 10 18 12      8 11 11 10     13 11 21  7     18 13 15 11     15  6 19 13     19 16 21  6     22 19 16 16     12 16 13 19     12 14 10 16     21 20 22 14      9 19 17 20     17 21 12 19      9 16 14 21      5  0  5 16 
  4 12  5  0     12  8 14 12     18 14 20  8     11 13 10 14     21 14 10 13     15 18 19 14     19 22 21 22     21 10 21 22     18 18 18 10     13  7 11 18     10 17 15  7     22 15 10 17     17  7 10 15     12 10 16  7     14 13  9 17      5  0  2 13 
  5 21  2  0     14 12  9 21    20  9 21 12    10 11 16  9     10 19 13 11     19 15  9 19     21 22 15 15     21 22 11 22     18 14 16 22     11 11 22 14     15 17  8 11     10 12 13 17     10 17 21 12    16 21 15 17     9  6 22 21      2  0  3  6 
  2  8  3  0      9 21 21  8     21 11  6 21     17 22 21 11     13 18 15 22      9 15 17 18     15 17 14 15     11 18 11 17     16 20  6 18      7 18  9 20      8 20  9 18     13  7  7 20     21 17 10  7     15  7  7 17     11  6  7  7      3  0  3  6 
  3  2  0  0     21  1  0  2      6  1  0  1     21  4  0  1     15  2  0  4     17  5  0  2     14  4  0  5     11  5  0  4      6  5  0  5      9  1  0  5      9  5  0  1      7  2  0  5     10  5  0  2      7  1  0  5      7  2  0  1      3  0  0  2 
