 0  3  2  0     0  3  6  3      0  2  8  3      0  5  7  2      0  2 17  5      0  2 15  2      0  1  7  2      0  5 20  1      0  1 19  5      0  4 15  1      0  2 16  4      0  3 15  2      0  1 12  3      0  4  8  1      0  3 19  4      0  0  1  3 
  2 14  2  0      6 16  8  8     13  6 22 16      7  7 11  6     17 15  7  7     15 17 14 15      7 14 20 17     20 13 10 14     19 22 21 22     15 15 21 22     16 17 16 15     15  7 10 17     12 14 17  7      8 16 22 14     19  9 14 16      1  0  1  9 
  2 17  1  0      8 13  6 17    22 11 12 13     7 22 16 11      7 19 17 22     14 21 13 19     20 22 14 21     10 20  7 22     15 11 14 20     21  7 13 11     16 10 22  7     10  6  8 10     17 20 18  6    22 18 22 20    14 16 22 18      1  0  4 16 
  1  9  5  0      6 22 21  9     12 12 17 22     16  7 22 12     17 20  7  7     13 16 22  8     14 16 13 16      7 12 10 16     19 15 11 12     13  8  6 15     22  8 11  8      8 10 11 16     18  8 20 10     22 19  6  8     22 18 19  6      4  0  4 18 
  5 22  3  0     21 10 21 22     17 21 12 10     22 10 17 21      7 11 18 20     22 19 16 16     13 11 10 19     10 21 20 11     11 22 21 21      6  8  8 22     11 11 10  8     11 22 14 11     20  7 12 22      6  8 12  7     19 21 21  8      4  0  1 21 
  3 22  4  0     21  6 22 22     12 19 11  6     17 20  9 19     18  7 22 20     16 20 13 17     10  9  7 20     20  8 14 22     18  9  6  8      8 18 19  9     10 16  9 18     14 14  8 16     12 12 18 14     16 13 19 12     21  7 20 13      1  0  2  7 
  4 19  4  0     22  7 15 19     11 18 13  7      9 15 17 18     22 13 18 15     13 15  6 13      7  9 16 15     14 21 12  9      6 18  6 21     19  7 20 18      9 13 19  7      8 14 12 13     18 13 16 14     19 16 21 13     20  6 18 16      2  0  3  6 
  4 15  2  0     15 18 10 15     13 19 10 18     17 18 12 19     18 15  7 18      6 12 18 15     16  6 16 12     12 10  8  6      6 19 17 10     20 18 17 19     10 18 18 18     12 22 10 18     16 20  8 22     21 15 18 20     18 19 14 15      3  0  5 19 
  2 13  5  0     10 21 17 13     10 14 10 21     12  9 21 14      7  7 22  9     18 10 13  7     16 12 14 10     8  9  9 12    17 14 13  9     17  8 16 14     18 14 20  8     10 13 21 14     15 11 20 11     18 11 17 11     14 12 13 11      5  0  4 12 
  5 16  5  0     17 19 17 16     10 10 13 19     21 17 19 10     22 15 10 17     13 16 17 15     14 21  9 16      9 13 13 21     13 18 13 13     14 22 12 18     21 11  6 21     21 12 16 11     20 11 22 12     17 16 22 11     13 14 20 16      4  0  1 14 
  5  6  5  0     17 19 17  6     13 16  6 19     19 19 11 16     10 20 21 19     17  8  9 20      9 15  9  8     13 18 21 15     13 15 11 18     12 12 20 15      6  8  6 19     16 15  7  8      7 19 21 15     17 21 12 19     20 18 20 21      1  0  2 18 
  5 14  4  0     17  6 11 14      6 10 14  6     11 22 14 10     21 22 11 22     14 18 11  6      9 22  6 18     21 11 17 22     11 14  6 11     13 15 12 14      6 13 10 15      7  7 20 13     21 17 10  7     12  7 12 17     20 19 12 18      2  0  3 19 
  4 11  5  0     11  9 12 11     14 18 20  9     14  8  8 18     11 15 17  8     11 11 10 15      6 14 20 21     17 17 12 14      6 19 12 17     12 13 17 10     10 14 11 13     20  9 20 14     10 11 16  9      7 20 16 11     12  7  9 20      3  0  3  7 
  5 21  2  0     12 12  8 14    20  9 21 12     8  6  6  9     17  9 10  6      9 11  8  9     20  6 14 11     12 15 16  6     15  9 13 12     17  8  9  9     11  8 17  8     20  9 18  8     16 17 11 20    16 21 15 17     9 18  7 21      3  0  3 18 
  2 21  1  0      8  9 13 21     21 21  8  9      6 19 16 21     10 12 19 19      8 22 15 12     14 10 20 22     16 19  9 10     13 15  6 19      9 15 15 15     17  7 10 15     18  9 20  7     11 19  7  9     15  9 19 19     12  8 13  9      3  0  3  8 
  1  4  0  0     13  3  0  4     14  5  0  3     16  4  0  5     20  4  0  4     15  3  0  4     20  5  0  3      9  1  0  5      6  1  0  1     15  2  0  1     10  5  0  2     20  5  0  5      7  1  0  5     19  4  0  1     13  2  0  4      3  0  0  2 
