  0  1  4  0      0  4 16  1      0  3 22  4      0  1 12  3      0  5 20  1      0  4 12  5      0  4 18  4      0  2 16  4      0  4 15  2      0  5 16  4      0  2 10  5      0  2 14  2      0  1 15  2      0  2 17  1      0  3 19  2      0  0  1  3 
  4  8  1  0     18 19  9  8     22 21 22 19     12 16 11 21     20  6 18 16     19 13 16  6     18 21 15 13      9 18  7 21     15  6 12 18     16  8  8  6      9 15  9  8     14 13  9 17     15 11 18 13     17 16 22 11     19  9 14 16      1  0  5  9 
  1 21  4  0      9 13 13 21    22 11 12 13    11 10 15 11     18 12 22 10     13 17 10 12     15 13 16 17      7 21 17 10     12 10 17 21      8  6 12 10      9  8  6  6      9 20 17  8     18 20 21 20    22 18 22 20    14 16 22 18      5  0  5 16 
  4 15  3  0     11 14 20 15     12 13 11 14     15  6 13 13     22 18 19  6     13 13 13 18     16 14 16 13     17  6 11 14     17 19 17  6     12 16 13 19      6 12 15 16     17 22 12 12     21 11 17 22     22 14 11 11     22 20  8 14      5  0  3 20 
  3 18  3  0     20  9 14 18     11  8  9  9     13  6 17  8     19 16 21  6     13 19 10 18     16 16 22 19     11  7 22 16     17 20  7  7     13 10 14 20     15 15 18 10     12 14 13 15     17  7 12 14     11  6  7  7      8  8 22  6      3  0  3  8 
  3 19  4  0     14 21 13 19      9  6 22 21     17  9 10  6     21 14 12  9     10 21 10 14     22 10 17 21     17 15  7 10      7 18 18 15     14  8  8 18     18  9  6  8     13 21  7 20     12 19 17 21      7  9 13 19     22  6 18  9      3  0  3  6 
  4 15  1  0      7  8 16 15     22 15 12  8     10 17 22 15     12 14 17 17     10 16 12 14     17 11 20 16      7 20 16 11     18 17 19 20      8 11 15 17      6 12 19 11      7 12 17 12     17  6 19 12     13 10 15  6     18  8 20 10      3  0  2  8 
  1  9  5  0     16  9 10 11     12 11 11  9     22 16 13  6     17 19 17 16     21 21 11 22     20 22 14 21     16 20  8 22     19 12 18 20     15  9 13 12     19 19 15  9     17 18 12 19     19  7 20 18     15 19 22  7     14 15 18 19      2  0  2 15 
  5 19  3  0     10 20 21 19     11 10 21 20     16  7 12 10     13 11 21  7     11 18 11 17     14 12 12 18     8  9  9 12    18 10 16  9     13 19 10 10     15 11 12 19     12 12 20 15     20 11 22 12     22 14 10 11     18 13 16 14      2  0  4 13 
  3  6  2  0     19  6  8  6     21 14 10 13     12 13  8 14     21 22 21 10     11 22 21 22     12 18 14 22      9 20  7 18     16 13 14 20     10 21 17 13     12  9 14 21     20 12  7  9     22 20  7 12     10  9  7 20     16 14 21  9      4  0  5 14 
  2 13  5  0      8  6 15 13     10 14  6  6      8 16 14 14     21 13 19 16     21  8  9 13     14 12 12  8      7  6  8 12     14 20 21  6     13 17 16 20     14 15 15 17      7  7 17 15      7 20 13  7      7 22 10 20     21  6 22 22      5  0  5  6 
  5 21  2  0     15 18 20 21      6 17 20 18     14 11 20  6     19  7  9 11      9 16 15  7     12 16  6 16      8 10 11 16     21 17 19 10     16 15 16 17     15 15  9 15     17  8 16 14     13  9 12  8     10 16 19  9     22 14  8 16      5  0  3 14 
  2 17  5  0     20  9 19 17     20 14 20  9     20  8 18 14      9  9 17  8     15 17 18  9      7 14 20 17     11 13 10 14     19 13 11 10     16 22  8 13      9  7  7 22     16 10 22  7     12 19 19 10     19 11 16 19      8 22  8 11      3  0  5 22 
  5  7  1  0     22 12 16  7    20  9 21 12    18  8 20  9     17 10  6 19     18 18 18 10     20  7 11 18     10  6  8 10     11 11 14  6      8 17  8 11      7 10 15 17     13  7 18 10     19 17 22  7    16 21 15 17     8 19 21 21      5  0  1 19 
  1  7  2  0     21 15  7 19     21 22 15 15     20 18  7 22      6 21  6 18     21  8  9 21     11  6 14 18      8 22 19  6     14 10 20 22      8 11 11 10     15 11 20 11     18 13  7 11     22 13 18 15     15  6 19 13     21 21 11  6      1  0  2 21 
  2  3  0  0      7  3  0  3     15  2  0  3      7  1  0  2      6  1  0  1      9  1  0  1     14  4  0  1     19  4  0  4     20  4  0  4     11  5  0  4     20  5  0  5      7  2  0  5     18  1  0  2     19  4  0  1     13  3  0  4      2  0  0  3 
