 0  3  2  0     0  4 15  3      0  1 14  4      0  5  7  1      0  5 16  5      0  1  9  5      0  4 16  1      0  2 16  4      0  2 14  2      0  3 19  2      0  3  7  3      0  4 13  3      0  3 22  4      0  5 19  3      0  3 20  5      0  0  1  3 
  2 10  5  0     15 15 18 10     14 16 22 18      7 12 10 16     16  6 16 12      9  8  6  6     16 22 14  8     16 11  7 22     14 12 13 11     19 17 21 12      7 14 20 17     10 10  6  8     22  7 16 10     19 17 22  7     20  9 19 17      1  0  1  9 
  5 14  4  0     18 13 16 14    22 11 12 13    10 19 13 11     16 21 13 19      6 22 22 21     14 21 13 19      7 20 13 21     13  7  7 20     21  9  6 22     20 17  8  9      6 17 19 17     16 20 13 17    22 18 22 20    19  6 22 18      1  0  1  6 
  4 13  2  0     16 14 16 13     12 12  8 14     13 17 10 12     20  7  7 17     22  9  7  7     13 13 21  9     13 13 18 13      7 18 10 13      6 17 20 18      8 11  8 17     19  7  9 11     13 11 21  7     22 21 21 11     22 21 10 21      1  0  2 21 
  2  8  3  0     16 14 14  8      8  8 18 14     10 11 16  8      7 20 16 11     11 15 11 20      7 19 21 15     12 18 20 19     10 16  9 18     20  6 18 16      8  8 22  6      9 21 21  8     21 22 11 22     21 11 17 22     10 15 11 11      2  0  2 15 
  3  6  3  0     14 18 11  6     18 10 18 18     16 12 14 10     16 13 19 12     11  6  7  7     12 18 15  6     20  9 14 18      9 17  8  9     15  7 10 17     22 10 20  7     21 10 14 10     11 16  9 10     17 16 15 16     11 21 12 16      2  0  5 21 
  3 18  3  0     11 17 11 18     18 12 19 17     14 20 15 11     21 20 18 20      7 12 22 20     15 11 18 13     14 17  6 11      8 11 15 17     10  8 11 11     20  9 18  8      6  8 18  9      9 13 21  8     15 12 14 13     12 20 15 12      5  0  5 20 
  3 19  4  0     11  6 12 19     19  6  8  6     15 13  8  6     18 21 15 13     22 10 17 21     18  8 20 10      6 16  8  8     15  7  8 16     11 18 20  7     18 15  7 18     18 19 14 15     21 21 11  6     14 10 13 21     15 17  7 10      5  0  2 17 
  4 12  5  0     12 17 22 12      8 22  8 11      8 13 16 22     15  6 19 13     17  9 10  6     20 12  7  9     8  9  9 12     8 18 19  9     14 12  9 21      7  6  8 12     14 11 20  6     11 22 14 11     21 15 18 20      7  7 17 15      2  0  5  7 
  5  9  1  0     22  6 18  9      8 22 19  6     16 13  6 22     19  7  9 13     10 10 13 19      7 21 17 10      9 16 14 21     19 19 11 16      9 14 16 19     12 12 18 14      8 22 15 12     14 10 11 22     18 12 22 10     17  6 19 12      5  0  5  6 
  1 12  3  0     18  9 20  7     19 19 15  9     21 21  8 19      9 18  7 21     13 19 10 18     17 10  6 19     14 20 13 10     11 22 12 20     16 20  8 22     18 19  7 20     15 11 12 19     11 14  6 11     22 12 18 14     19 19 10 12      5  0  1 19 
  3 14  5  0     20  9 20 14     15 17 18  9      8 13  6 17      7 11 18 13     10 21 20 11      6 14 20 21     13  9 17 14     12 11 11  9      8  9  9 11      7 20 10  9     12 15  9 13      6 13 13 15     18 15 22 13     10 17 22 15      1  0  2 17 
  5 22  3  0     20  8 14 22     18 14 20  8      6  6 10 14     18  6 21  6     20 21 19 10     20 22 14 21     17 12  7 12     11 13 10 14      9 12  8 13     10  8  6 12      9 15  9  8     13 16 17 15     22 19 16 16     22  7 15 19      2  0  1  7 
  3  8  3  0     14 12 13  8    20  9 21 12    10 16 19  9     21  6 19 16     19 13 16  6     14 20 16 13      7 12 14 17     10 17 21 12      8 16 14 17      6 12 15 16      9 14 21 12     17 17 12 14    16 21 15 17    22 19 22 21      1  0  4  8 
  3  6  2  0     13 10 15  6     21 17 13 10     19 17 16 17     19 20 18 17     16 17 11 20     16 22 11 17     14 10 20 22     21 17 19 10     14 15 15 17     15 15  9 15     21 22 15 15     12 16  7 22     15  7  9 16     22 20 18  7      4  0  4 20 
  2  3  0  0     15  2  0  3     13  5  0  2     16  4  0  5     18  4  0  4     19  4  0  4     11  5  0  4     20  1  0  5     19  4  0  1     15  1  0  4     21  4  0  1     15  2  0  4      7  1  0  2     15  2  0  1     18  1  0  2      4  0  0  1 
