 0  3  2  0     0  3  8  3      0  5 19  3      0  2 10  5      0  1 15  2      0  2 17  1      0  3 15  2      0  3  6  3      0  2  8  3      0  3 19  2      0  1 12  3      0  4 15  1      0  3 22  4      0  5 22  3      0  4 12  5      0  0  1  4 
  2  7  1  0      8 18 19  9     19  6 22 18     10 14  6  6     15 15 17 14     17 18  9 15     15 22 13 18      6  8  8 22      8  6 16  8     12 19 11  6     12 16  6 16     15 16 17 16     22 19 16 16     22 21 22 19     12  9 14 21      1  0  1  9 
  1  6  1  0     19 13 16  6    22 11 12 13     6  7  7 11     17 15  7  7      9 13 12 15     13 13 18 13      8 14 12 13     16 13 16 14     11 21  7 13      6 14 20 21     17 17 12 14     16 20  6 18    22 18 22 20    20 21 20 18      1  0  2 21 
  1 21  4  0     11  6 21 21     12 15 16  6      7 18  9 20      7 22 20 18     12 20 15 12     18  6 17 20      8 10 10  6     16  9 18 10     21 21  8  9     20 22 14 21     12 17 22 12      6 11 14 17     22 14 11 11     20 15 11 14      2  0  2 15 
  4 16  1  0     21 13 19 16     16 17 15 13     10  7 21 17     20 13 21  7     15  6 13 13     17  8 13  6      9  9 17  8     10  6 17  9      8  6 19  6     14 11 20  6     22 12 20 11     14 10 16 12     11 16  8 10     11  7 22 16      2  0  5  7 
  1  7  2  0     19 21 15  7     19 10 20 21     21 17 13 10     21 12 19 17     12 17 12  7      8 16 14 17     17 11 20 16     17 11 18 11     19  7  9 11     20 16 11  7     20 13 17 16     16 14 18 13      8 16 22 14     22 11 17 16      5  0  4 11 
  2 16  4  0     15  7  9 16     20 10  9  7     13 19 10 10     19 10 12 19     12 13 17 10     21  8  9 13     20 10 18  8     18 12 22 10      9 21 14 12     22 12 16  7     17  6 19 12     18  6 21  6     22 21  9  6     17 19 10 21      4  0  1 19 
  4 20  4  0      9 19 17 20      9 14 16 19     10 11 22 14     12 19 15 11     17  6 17 19      9  8  6  6     18 14  8  8     22 20  8 14     14 20  9 20     16 13 14 20     19 10 18 13     21 20 11 10      9 14 18 20     10 20 22 14      1  0  5 20 
  4  8  1  0     17  8 11  8     16 14 14  8     21  9 16 14     15 15 15  9     17  8 11 15      6 12 10  8     8  9  9 12     8  9 15  9      9 11  8  9     14  6 11 11     18  9 22  6      7  7 22  9     18 18 15  7     14 20  8 18      5  0  5 20 
  1 14  4  0     15 18 19 14     14 22 12 18     16 13  6 22     15 11 18 13     11  9 12 11     10 16 19  9      9 10 11 16     15  6 13 10      8 22 19  6     11 22 21 22     22 21  6 22     22 10 17 21     15 17  7 10      8  9 20 17      5  0  1  9 
  4 15  2  0     19 12 18 20     12  8 14 12      6 15 13  8     18 10 15 15     14 10 21 10     19 13 11 10     11 14 12 13     13  9 17 14     19 19 15  9     21 21  8 19      6 19 16 21     17 16 17 19      7  8 16 15     20  9 18  8      1  0  5  9 
  2 13  5  0      9 12  8 13     14 17  7 12     13 15  6 19     15 21 22 15     21 11 22 21     11 10 15 11     12 18 14 12     17 19 20 18     15 10 17 22      8 11 11 10     16 19 19 11     17 22  7 19     16 20  8 22     18 19  7 20      5  0  1 19 
  5  6  5  0      8 12  7  6      7  9 20 12      6  8 18  9     22  8 11  8     22 15 12  8     15  6 12 18     14 18 11  6     20  7 11 18     17 20  7  7     11 15 11 20     19 22  7 15      7 22 10 20      8 13 16 22      7 18 10 13      1  0  2 18 
  5 16  4  0      7 12 10 16    20  9 21 12    18  7 21  9     11 18 13  7     12 19 17 18     12 16 13 19     11 21 12 16     11 17 22 21      7 14 20 17     11 13 10 14      7  7 20 13     10 17 15  7    16 21 15 17    10 21 22 21      2  0  5 21 
  4 13  2  0     10 14 20 13     21 13 19 14     21  9 13 13     13 19  7  9     17 10  6 19     13 21 14 10     12 10 17 21     22  7 16 10     22 18 14 16     10 18 18 18     20 21 15 18     15 13 18 21     15 12 14 13     22 20  7 12      5  0  3 20 
  2  3  0  0     19  4  0  3     19  4  0  4     13  3  0  4      7  3  0  3      6  2  0  3     14  2  0  2     17  5  0  2     16  5  0  5     14  4  0  5     18  4  0  4     15  3  0  4     18  3  0  3     14  5  0  3      7  1  0  5      3  0  0  1 
