  0  1  4  0      0  1  6  1      0  2 21  1      0  5 21  2      0  5 20  5      0  4 12  5      0  5 14  4      0  5 16  5      0  2 17  5      0  1  7  2      0  4 15  1      0  1 21  4      0  5  9  1      0  3 20  5      0  3 18  3      0  0  2  3 
  4 19  4  0      6 22 18 19     21  6 22 22     21  6 18  6     20 18 20 21     12 19 17 18     14 15 18 19     16  6 12 15     17 19 17  6      7 15 19 22     15 21 22 15     21 11 22 21      9 12 11 11     20 11 22 12     18 13 15 11      2  0  4 13 
  4 13  3  0     18 13 13 13    22 11 12 13    18 11 17 11     20 16 17 11     17 16 15 16     20  6 18 16     12 10  8  6     17 22 15 10     19 16 16 22     22  8 13 16     22 15 12  8     11 20 11 15    22 18 22 20    13 16 14 18      4  0  5 16 
  3  8  3  0     13  6 17  8     12 19 11  6     12 18 20 19     17 16 22 11     14 16 13 16     18 20  7 11      8 18 14 20     15 22 13 18     16 13  6 22     13 21  9 13     12 16 11 21     11  7 22 16     22 12 16  7     14 13 15 12      5  0  2 13 
  3 19  2  0     17 20  9 19     11 10 21 20     20  7 22 10     22  9  7  7     13 12 15  9      7  6  8 12     14 21 12  9     13 19 16 21      6  8 22 19      9  9 11  8     11 19  7  9     13 11 10 19     13 10 14 11     15  6 13 10      2  0  3  6 
  2 16  4  0      9 10 11 16     21 17 13 10     22 21 11 17      7 13 11 21     15  6 13 13      8  6 19  6     12 18 15  6     16 12 16  6     22 10 18 12     11 16  8 10     18 19  7 20     10 18 13 19     14 12 12 18     13  8 14 12      3  0  2  8 
  4 16  1  0     11  7 20 16     13  8  6 15     11  8 22  8     11 15 17  8     13 16 17 15     19 19 11 16     15  9 19 19     15 15 15  9     18 20 21 15      8  9 15  9      7 20 10  9     13  7  7 20     12 17 12  7     14 15 15 17      2  0  1 15 
  1  9  1  0     20 14 20  9      6 11 11 14     14 12 13 11     12 20 15 12     17  7 14 20     11 18 13  7     19  9  8 18     15 17 18  9     21 22 10 17      6  8  8 22     10  6 17  9      7 12 22 20     12 17 22 12     15  7  7 17      1  0  5  7 
  1 19  5  0     20 18 17 19     11  6 14 18     13 19 10 10     15 11 12 19     14 16 19  9      7 12 10 16     8  9  9 12    18  7 21  9     10 17 15  7      8  9 20 17     17  8  9  9     22 16 20  8     13 19 12 16      9 10 16 19      5  0  2 10 
  5 19  3  0     17 22  7 19     14  8 16 22     10 10  6  8     12 13 17 10     19 14 21 13     10 20 22 14      9 14 18 20     21 20 22 14     15 11 14 20     20  6 14 11     18  9 22  6     20 12  7  9     12  8 14 12     16 15  7  8      2  0  3 15 
  3 19  4  0      7  9 13 19     16 15  7  9      6 19 13 15     17 21 12 19     21  8 19 21     22 20 18  7     18  6 17 20     22 21  9  6     14 12  9 21     14 10 16 12     22  7 16 10      7 11  6  7     14 17  6 11      7 12 14 17      3  0  1 12 
  4 15  2  0     13 21 14 10      7 20 13 21     13 10 14 20     12 19 19 10     19 10 21 17     18  8 20 10     17  8 11  8      9 13 21  8      9 17 14 13     16 20 13 17     16  6 19 13      6  9  8  6      6  8 18  9      8 18 14  8      1  0  5 20 
  2 18  1  0     14 16 22 18     13 14 20 16     17 17 12 14     19 17 16 17     21 12 10 17     20  7 18  9     11 22 14 11     21 22 11 22     14 10 11 22     13  7 18 10     19 21 15  7      8  9 21 21     18 10 16  9     14  6  6 10      5  0  5  6 
  1 14  4  0     22 12 18 14    20  9 21 12    12  8 13  9     16 14 17  8     10 20 21 19      8 14 22 20     14  8 16 14     11 11 10  8     11 10 15 11     18 18 18 10     15  7 18 18     21 17 10  7    16 21 15 17     6 14 20 21      5  0  3 14 
  4 15  3  0     18 10 15 15     21 10 14 10      6 19 17 10     17  6 19 12     21 21 11  6     22 19 22 21     16 21  6 19     10 21 22 21     15 13 18 21     18  8 20  9      6 16  8  8     14 21  9 16     15 17  7 10     20  7  7 17      3  0  3  7 
  3  2  0  0     15  2  0  2     14  2  0  2     17  1  0  2     19  4  0  1     11  5  0  4     22  3  0  5      6  3  0  3     22  4  0  3     18  4  0  4     20  4  0  4      8  1  0  4      9  5  0  1      7  2  0  5      7  1  0  2      3  0  0  1 
