  0  1  3  0      0  1  9  1      0  4 16  1      0  5 14  4      0  1  9  5      0  5 20  1      0  5 16  5      0  2 13  5      0  1 15  2      0  4 15  1      0  4 19  4      0  1 14  4      0  1  6  1      0  5  7  1      0  2 17  5      0  0  3  2 
  3 18  3  0      9 10 11 16     16  7 22 12     14 20 17  7      9 14 18 20     20 15 11 14     16  7 12 10     13 11 21  7     11 10 15 11     15 17  7 10     19 20 18 17     14 10 20 22      6 19 17 10      7  7 22  9     17 22 12 12      3  0  5 22 
  3 14  5  0     11 13 10 14    22 11 12 13    17  9 10  6      8  6  6  9     11 14 17  6     12 13 11 14     21  9 13 13     15 15 15  9      7  8 16 15     18  9  6  8     20  7 18  9     17 20  7  7    22 18 22 20    20 19 12 18      5  0  1 19 
  5 20  5  0     10 14 20 13     12 12 18 14     18 15  6 12      6 13 13 15     17 10 12 13     11 16  8 10     13 14 20 16     15 15 17 14     16  6 12 15      6 10 14  6     18 12 22 10      7 12 17 12     22 20  7 12     12  7  9 20      1  0  2  7 
  5  7  2  0     20 13 21  7     18 20 21 15      6 18 16 20     13 19 10 18     12 17  6 19      8 11 15 17     20 11 15 11     17 11 18 11     12 19 15 11     14 21 13 19     22 21 10 21     17 13 10 21      7  7 20 13      9 13 19  7      2  0  4 13 
  2 21  1  0     21 21 11  6     21  8  9 21     22  8 11  8     10 16  9 18      6 19 13 16     15  7 10 17     15 19 22  7     18 19  7 20     15  9 19 19     13 21  8  9     10 14 10 21     10 11 22 14     20 16 17 11     19 19 11 16      4  0  1 21 
  1  7  2  0     21  6 19 16      8  8 22  6     11 11 10  8      9 12 11 11     13  8 14 12     16 14 14  8     22 20  8 14      7 11 18 20     18 13  7 11      8 22 16 20     10 17 21 22     22 15 10 17     17 22 21 11     11 17 16 22      1  0  2 17 
  2  8  3  0     19 21 21  8     22 11 22 21     10 19 13 11     11  6 12 19     14 18 11  6     14 20  8 18      9 18  8 20     18 10 18 18      7 21 17 10     16 11  7 20     21 12 16 11     10 17 21 12     14 13  9 17     16 14 16 13      2  0  2 14 
  3 22  4  0     21  9  6 22     22  6 18  9     13 10 15  6     22  7 16 10     11  6  7  7      8 12  7  6     8  9  9 12    18  7 21  9     17 15  7  7      7 19 21 15     16 16 22 19     21 20 18 20      9 19 17 20     16 21 13 19      2  0  5 21 
  4 13  3  0      6 17  8 13     18  9 15 17     15  9  8  9     16 15  7  9     12 12 20 15      7 12 14 17      9 14 21 12     21  9 16 14      7 20 10  9     21  6 14 20     22 22 21  6     18 19  6 22     17  6 17 19      8  6 19  6      5  0  5  6 
  3  6  3  0      8 18 19  9     15  7 18 18      8 11  8 17      7 22 16 11     20 18  7 22     14 13 15 12     21 14 10 13     16 19  9 14     10 12 19 19     14 10 16 12     21 20 11 10      6 14 11 20     17 17 12 14     19 10 21 17      5  0  2 10 
  3  7  3  0     19 17 22  7     18 12 19 17      8 22 15 12     16 13  6 22      7 18 10 13     15 22 13 18     10 20  7 22      9 13 12 15     19 12 16 13     16  6 16 12     11 11 14  6     11 22 14 11     12 18 14 22     21 15 13 18      2  0  4 15 
  3 19  4  0     22 21 22 19     19 10 20 21     16 19  9 10      6  8 22 19     10 10  6  8     13 19 10 10      7  9 11 19     12  8 13  9     16 14 17  8     16 22 18 14     14 21 20 22     14 12  9 21     14  8 16 22     13 16 22  8      4  0  2 16 
  4 11  5  0     22 12 20 11    20  9 21 12     9 11  8  9     22 21 21 11      6 18  6 21     10 15 15 18     11 18 13 15     13 16 14 18     17 19 17 16     18 14  8  8     20  9 20 14      9 17  8  9    16 21 15 17    22 15 15 21      2  0  2 15 
  5  9  1  0     20 17  8  9     21 12 19 17      8 14 12 12     15 18 19 14      6 17 20 18     15 13 16 17     13 13 18 13     17 16 20 13     17 16 15 16      8  8  6 16     20 10 18  8      8  6 12 10     15 13  8  6     15  6 19 13      2  0  3  6 
  1  4  0  0      8  1  0  4     19  4  0  1     12  5  0  4     19  3  0  5     20  5  0  3     16  4  0  5     18  4  0  4     20  4  0  4     15  3  0  4     15  2  0  3     18  1  0  2     12  3  0  1      8  3  0  3     19  2  0  3      3  0  0  2 
