 0  3  2  0     0  5 19  3      0  5 20  5      0  2 10  5      0  1 15  2      0  5  7  1      0  5  6  5      0  1  9  5      0  2 17  1      0  2 14  2      0  4 13  2      0  1 19  4      0  4 16  1      0  5 16  4      0  3 20  5      0  0  1  3 
  2 21  1  0     19 10 20 21     20  7 22 10     10 17 15  7     15 13 16 17      7  7 20 13      6  8 12  7      9 15  9  8     17  7 10 15     14 20 15 11     13  9 17 14     19 10 12 19     16 19  9 10     16 16 22 19     20  9 14 18      1  0  1  9 
  1 14  4  0     20 13 10 14    22 11 12 13    15 17  8 11     16 17 19 17     20  9 19 17     12  8 13  9      9  9 17  8     10 11 16  9     22 14 11 11     17 17 12 14     12  7 12 17      9 20 12  7    22 18 22 20    14  8  8 18      1  0  4  8 
  4 19  4  0     10 21 17 19     12 10 17 21      8  6 12 10     19  6  8  6     19 13 16  6     13 21  9 13     17 10  7 21     16  7 12 10     11  6  7  7     12 19 11  6     12 16 13 19     12 16  6 16     22  8 13 16     14 22 20  8      4  0  3 22 
  4 12  5  0     12 19 17 21     17 22  7 19     12 20 11 22      8 18 14 20     16 20  6 18      9 20 14 20      7 12 22 20     12  8 14 12      7 20 10  9     11 15 11 20     13 18 21 15      6 21  6 18     13 19 14 21     20 18 17 19      3  0  3 18 
  5 16  5  0     17 19 17  6      7 20 18 19     11 10 21 20     14 10 21 10     20 22 14 10     14 21 20 22     22 19 22 21     16 21 13 19     10 21 22 21     11 22 21 21     21  9  6 22      6  8 18  9     14 12 13  8     17  6 19 12      3  0  3  6 
  5 20  1  0     17  7 14 20     18 10 13  7     16 12 14 10     18 15  6 12     10 17 22 15      7 12 14 17     12 20 15 12     13 21  7 20     22 11 22 21     21 21 11  6      6 14 20 21     18 13 16 14     13 13 18 13     19  7  9 13      3  0  3  7 
  1 12  3  0     14 13 15 12      6 22 16 13     14 10 11 22      6  8 10 10     22 16 20  8     14 16 13 16     15  7  8 16      7 17 20  7     22 12 12 17     11 11  9 12     20  7 11 18     16 10 22  7     18 18 18 10      9 22  6 18      3  0  5 22 
  3 19  4  0     15 11 12 19     16 19 19 11     11 14 17  6     10 13 21 14     20  9 18  8     13 12 15  9     8  9  9 12    20 17  8  9      8 16 14 17      9 18 10 16     11  6 14 18     22 15 15 21     18 10 15 15      6 19 17 10      5  0  1 19 
  4 15  1  0     12  8 22 15     19 21 21  8     17 13 10 21     21  8  9 13     18 19  9  8     15  9 19 19      9 11  8  9      8 22  8 11     14  8 16 22     10 11 16  8     14  6 11 11     15 13  8  6     15  6 13 13     17  9 10  6      1  0  5  9 
  1  6  1  0     22 22 21  6     21 11 17 22     10  8 11 11      9 21 21  8      9 16 14 21     19  9 14 16      8  6  6  9      8  8 22  6     16 14 14  8     16 22 18 14     11 17 16 22      8 11  8 17     13 10 14 11     10 13 19 10      5  0  2 13 
  1  7  2  0     20 16 11  7     17 16 15 16     11  7 22 16     21  9 18  7     14 21 12  9     14 12  9 21     13 15  6 19      6 13 10 15     14 20 16 13     18 20 21 20     16 17 11 20      8 13  6 17     14 22 12 18     19  6  8 22      2  0  3  6 
  2 16  4  0     11 21 12 16     15 18 20 21     11 17 11 18     18 12 19 17     12 18 14 12      9 15 17 18      6 17 20 18     10 12 13 17     16  7 22 12     22 13 18 15     11 14 12 13      6  6 10 14     12 15 16  6      8  8  6 16      3  0  2  8 
  4 20  4  0     19 12 18 20    20  9 21 12    11 19  7  9     19  6 22 18     14 11 20  6     10 19 13 11     20 18  7 22     13 19 10 18     22  7 15 19     18 18 15  7     12 22 10 18     10 17 21 22    16 21 15 17     6 19 16 21      2  0  3 19 
  4 15  2  0     18 19 14 15     21 15  7 19      7  7 17 15     22  9  7  7     20  7 18  9     13 11 21  7      7 11 18 13     10 15 11 11     15 17 14 15     16 20 13 17     10 18  8 20     13 15 11 18     15  9 15 15     16 15  7  9      3  0  4 15 
  2  3  0  0     14  5  0  3      7  2  0  5     17  5  0  2     21  2  0  5     18  1  0  2     21  4  0  1     18  4  0  4     11  5  0  4     14  4  0  5     13  3  0  4      8  3  0  3     15  2  0  3     15  2  0  2      7  1  0  2      4  0  0  1 
