  0  1  4  0      0  2 17  1      0  4 15  2      0  5 14  4      0  2 13  5      0  2 15  2      0  3 15  2      0  3  7  3      0  2  8  3      0  1  7  2      0  2  7  1      0  5  7  2      0  3 14  5      0  3 18  3      0  3  8  3      0  0  2  3 
  4 16  1  0     17 15 13 16     15 21 22 15     12 16 11 21     13 19 12 16     15  9 19 19     15 15 15  9      7  9 16 15      8  6  6  9      7  7 11  6      7 17 20  7      7 10 17 15     14 10 21 10     18 12 22 10      8 13  9 12      2  0  4 13 
  1  9  1  0     13 13 21  9    22 11 12 13    11 14  6 11     12 13  8 14     19 10 18 13     15 11 11 10     16 19 19 11      6  8  6 19     11  8 22  8     20  9 18  8     17 14 13  9     21 20 22 14    22 18 22 20     9 20  7 18      4  0  4 20 
  1  9  5  0     21 14 10 13     12  9 21 14      6 22 21  9      8 13 16 22     18 15 22 13     11 18 13 15     19 14 15 18      6  6 10 14     22 18 19  6     18 10 18 18     13  7 18 10     22 16 11  7     22 18 14 16      7 21  9 18      4  0  1 21 
  5 16  5  0     10 22  7 16     21 21 11 22     21 11  6 21     16  8 10 11     22 15 12  8     13 11 10 19     15 17  8 11     10  6 19 17     19 12 17  6     18 14 12 12     18 20  9 14     11 22 12 20     14 20 15 11      9 20 14 20      1  0  5 20 
  5  7  1  0      7 20 13  7     11 15 11 20      6 13 13 15     10 21 17 13     12 19 17 21     10 21 17 19      8  9 13 21     19 17 20  9     17 12 14 17     12  8 14 12     20 10 18  8     12 13 17 10     15  6 19 13     14 20 21  6      5  0  5 20 
  1 12  3  0     13 11 14 12     11  9 12 11     10 16 19  9     17 16 15 16     17 19 17 16     17 18 12 19     13 16 14 18     20  6 18 16     19 16 21  6     14 14  8 16     18 11  6 14     17 22 21 11     19  6  8 22     21  6 18  6      5  0  5  6 
  3 19  4  0     14 21 13 19     12  9 14 21     16 14 21  9     15 15 17 14     17 18  9 15     12 18 15  6     14 20  8 18     18  7 22 20     21 17 10  7      8 11  8 17      6 12 19 11     10 17 21 12      8  9  9 17     18 10 16  9      5  0  2 10 
  4 11  5  0     13 10 14 11     14 20 13 10     21 15 18 20     17  7 10 15      9 20 12  7     15 12 12 20     8  9  9 12    22  6 18  9     17  8 13  6      9 21 21  8      7 13 11 21     21  7 20 13      9 13 19  7     16  6 19 13      2  0  3  6 
  5 22  3  0     14 10 20 22     13 19 10 10     18 19  9  8     10 12 19 19     12 17 22 12     12  7 12 17      9 11 19  7     18 20  7 11     13 17 16 20     21 22 10 17     11 22 21 22     20  8 14 22     19 16 21 13     17 11 20 16      3  0  3  6 
  3 19  2  0     20 18 17 19     10 15 15 18      9  8  9 15     19 21 21  8     22 19 22 21     12 18 20 19     19  7 20 18      7 17 15  7     16 22 11 17     10 20  7 22      7 12 22 20     14 10 16 12     22 14 10 11     20 17  7 14      3  0  5 19 
  2 14  2  0     17  6 11 14     15 13  8  6     12 10  8  6     21 20 11 10     19 17  6 17     20 18  6 17     20 21 20 18     15 13 18 21     18 13 13 13      7 11 18 13     22 14 11 11     16 13 16 14     10 15  6 13      7 19 21 15      5  0  1 19 
  2 18  1  0     11 17 11 18      8  9 20 17      7 20 10  9     11 10  8 11      6  8 10 10      6 16  8  8     20  8 22 16     18  9  6  8     13 12 15  9     18 14 22 12     11 20  6 14     16 13 14 20      6 22 16 13     21  6 22 22      1  0  1  6 
  1 15  2  0     11 12 19 15    20  9 21 12    10 11 16  9      8  9  9 11     10  6 17  9      8 12  7  6     10 16  7 12      6 16 12 16     15  7  8 16     22 12 16  7     15 16  6 12     14 17  8 16    16 21 15 17    22 15 10 17      1  0  4 15 
  2 21  1  0     19 10 20 21     21 22 21 10      7 19 17 22      9 14 16 19     17  7 12 14      7 22  9  7      7 15 19 22     12 14 13 15      8 16 22 14     16 22 19 16      6  8  8 22      8 18 14  8     15  7 18 18     20 16 11  7      4  0  2 16 
  1  3  0  0     20  5  0  3     21  2  0  5     17  5  0  2     16  4  0  5     12  5  0  4      9  1  0  5     19  4  0  1     13  3  0  4     22  4  0  3     19  4  0  4      8  1  0  4     14  4  0  1     18  4  0  4     15  3  0  4      2  0  0  3 
