[ 0  3  2  0]     0  4 15  3      0  3 19  4      0  3  8  3      0  3  6  3      0  1 12  3      0  5 20  1      0  2 13  5      0  5  7  2      0  5 20  5      0  3 20  5      0  4 13  3      0  1 21  4      0  2 21  1      0  3 19  2      0  0  1  3 
  2 15  2  0     15 18 10 15     19  6 22 18      8 10 10  6      6 19 17 10     12 18 20 19     20 21 15 18      9 16 14 21      7 12 10 16     20  7 12 22     20 16 11  7     13  6 22 16     21 21 11  6     21 11 22 21     19  7  9 11      1  0  2  7 
  2 14  2  0     10 13 21 14    [22 11 12 13]    10 15 11 11     17  7 10 15     20 10  9  7     15  6 13 10     14 18 11  6     10 18 18 18     12 22 10 18     14  8 16 22     22  8 11  8     11 20 11 15    [22 18 22 20]     9 15 17 18      2  0  4 15 
  2 18  1  0     21 15 13 18     12 14 13 15     11 11 22 14     10  8 11 11      9 13 21  8     13 13 18 13     11 10 19 13     21 17 13 10     10 12 13 17     16 13 19 12     11 21  7 13     11  7 22 16     22 12 16  7     17 22 12 12      4  0  3 22 
  1 19  4  0     13 15  6 19     13  8  6 15     22 19  6  8     11 16 19 19     21  6 19 16     18  6 21  6     19  6  8  6     13 13 15  6     14 13  9 17     19  7  9 13      7 17 20  7     22  7 19 17     16 10 22  7     12 19 19 10      3  0  5 19 
  4 19  4  0     10 10 13 19      6 17  9 10      6 11 14 17     19 16 16 22     19  9 10 16     21 21  8  9      8 19 21 21     15 18 19 14      9 20  7 18      9 14 18 20     20 13 10 14     19 10 18 13      7 21 17 10     19 10 20 21      5  0  3 14 
  4 20  4  0     13 21  7 20      9 18  7 21     14 22 20  8     18 14 16 22     10 16 12 14      8 16 15  7     21 17 19 10     19 17  6 17      7 12 14 17     18 14 22 12     10 11 22 14     18 13  7 11     17 16 20 13     20 18 20 21      3  0  3 18 
  4 12  5  0      7  6  8 12      7  7 11  6     20 13  7  7     16  6 19 13     12 19 11  6     15 11 12 19     15 17  8 11      6 19 12 17     14 21 13 19     22 19 22 21     22  7 15 19      7 22  9  7     20 18  7 22     20  7 11 18      3  0  3  7 
  5 14  4  0      8  8 18 14     11  8 17  8      6 16  8  8     19 15  9 19     11 14 20 15     12 12 18 14    [ 8  9  9 12]    12  8 13  9     13  6 17  8     22 21  9  6     15  7 19 21      9 20 12  7      7 22 10 20     11 22 21 22      3  0  5 22 
  4 13  2  0     18 15 22 13     17 14 15 15      8  9  9 17      9 14 16 19     20  9 20 14     18  8 20  9      9  9 11  8     13 12 16  9     17 22 21 11     15 12  8 22     19 17 18 12     12 14 17 17     10 13  7 18     21  9 13 13      5  0  1  9 
  2 17  5  0     22 15 10 17     15 15  9 15      9  8  9 15     16 14 14  8     20 16 13 14     20  8 22 16     11 17 11 18     16 22 11 17     21 10 21 22      8  6 12 10     18 16 20  6     17 15 13 16      7 18 18 15     13 15 11 18      1  0  4 15 
  5 21  2  0     10 14 10 21      6  6 10 14      9  8  6  6     14 12 12  8     13  8 14 12     22  6  8  8     11 11 14  6     11  9 12 11     21 12 19 17     12 20 15 12      8 18 14 20     13 16 14 18     21 13 19 16     11 14 12 13      4  0  1 14 
  2  8  3  0     10 11 16  8     10 21 20 11      6 14 20 21     12  9 21 14     14 21 12  9      6 22 22 21     14 10 20 22     12 18 15  6     19  9  8 18     15 16  6 12     14 16 13 16     14 17  8 16     19 17 16 17     12  7 12 17      1  0  5  7 
  3  6  2  0     16 12 16  6    [20  9 21 12]    20 17  8  9     21 22 10 17     12 20 11 22     22 14 21 20     20 17  7 14     15  7 10 17      8 18  9  6      6 17 20 18     19 20 18 17     16 17 11 20    [16 21 15 17]    12 10 17 21      5  0  2 10 
  2 17  1  0     16 15 16 17     21 22 15 15      8 13 16 22     10 14 11 13     11 20  6 14     21 12 16 11      7 20 18 19     10 18  8 20      9 22  6 18     20  9 19 17     18 10 16  9     11 16  9 10     15  7  9 16     17 15  7  7      2  0  3 15 
  1  4  0  0     16  1  0  4     15  2  0  1     16  4  0  2     11  5  0  4      6  5  0  5     16  4  0  5     18  4  0  4      8  1  0  4      6  1  0  1     19  5  0  1     16  5  0  5      9  1  0  5      9  1  0  1      7  2  0  1      3  0  0  2 
