  0  1  3  0      0  2 17  1      0  1 15  2      0  5  9  1      0  2 17  5      0  5 21  2      0  4 11  5      0  4 18  4      0  1 19  4      0  1  9  1      0  5 20  1      0  2 10  5      0  4 13  2      0  3 22  4      0  2  8  3      0  0  3  2 
  3  6  3  0     17 15 13 16     15 21 22 15      9 16 14 21     17 19 17 16     21 21  8 19     11  6 21 21     18  6 21  6     19 12 17  6      9 14 21 12     20 21  6 14     10 21 22 21      9 18  7 21     22 21 22 11     17 13 10 21      3  0  4 13 
  3  6  2  0     13 13 15  6    22 11 12 13    14 12 13 11     17 12  7 12      8 13  9 12     21  9 13 13     21 21  8  9     17 10  7 21     20  7 22 10      6  8 12  7     22 19  6  8      7 20 18 19    22 18 22 20    10 16  9 18      4  0  2 16 
  2 18  1  0     15 22 13 18     12 18 14 22     13 13 13 18      7 18 10 13      9 20  7 18     13 21  7 20      8 13  6 17      7  7 20 13     22 12 20 11     12 10  8  6      6 17  9 10     18 12 19 17     22 10 18 12      9  7 20 10      2  0  5  7 
  1 12  3  0     10 16  7 12     14 18 13 16     13 19 10 18     10 20 21 19      7 12 22 20      7  9 20 12      6 22 21  9     20 18  7 22     20  9 14 18      8 18 19  9     19  6 22 18     19 17 10  6     18 18 15  7      8 20 10 18      5  0  3 20 
  3 19  2  0     20 18 17 19     13  7 11 18     10 17 15  7     21 22 10 17     22 21  6 22     20 11 10 21     21  7 13 11      7 17 20  7     14 13  9 17     19 12 16 13     22 14 10 11     10 16 12 14     15  7  8 16     10 15 17  7      3  0  4 15 
  2 13  5  0     17 16 20 13     11 21 12 16     15 13 18 21     10 15  6 13      6 19 13 15     10 10 13 19     13 21 14 10     20 18 20 21     16 20  6 18     16 13 14 20     10 14 11 13     12  9 21 14      8  6  6  9     17 20 18  6      4  0  4 20 
  5 14  4  0     20 15 11 14     12 12 20 15     14 17  7 12      8  9  9 17     13 19  7  9     13 16  6 19     14 14  8 16     20  9 20 14      6  8 18  9     14 12 12  8     17 22 15 10     21 21 11 22      6 15 13  8     18 19 14 15      4  0  4 19 
  4  8  1  0     11 11 10  8     20  6 14 11      7  7 11  6     10 20 22 14      7 11 18 20      6 12 19 11     8  9  9 12    20 17  8  9     18 14  8  8     12 13  8 14     15 11 18 13     17 21 12 10     13 19 16 21     14 21 13 19      4  0  1 21 
  1  7  2  0     10 10  6  8     14 10 21 10     11 16  9 10     22 11 17 16     18 11 17 11     19  7  9 11      9 16 15  7      8 10 11 16      8 22  6  8      8 13 16 22     18 15  6 12     12  8 22 15     22 16 20  8     13  6 22 16      1  0  1  6 
  2  7  1  0      6 19 16 21     21 15  7 19      9 19 19 15     17 21 12 19     17 19 10 21      9 10 16 19     15 11 11 10     11  8 17  8      6 19  6  8     16 16 22 19      6 16 12 16     22 14 11 11     20 17  7 14     22 21 11 17      1  0  2 21 
  1 14  4  0     16 22 18 14      7 19 17 22     19 10 12 19     12 13 17 10     10 14 20 13     16 13 16 14     11 14 17  6     17  8 16 14      6 16  8  8     22 14  8 16     12 12 18 14     11 11  9 12      7 20 16 11     11 15 11 20      2  0  3 15 
  4 15  2  0     18 10 15 15     17 11 20 16     12 19 15 11     17 20  9 19     22 14 21 20     16 19  9 14     17  6 17 19     14 18 11  6      8 20  9 18      8 18 14 20     18 18 10 18      9 15 17 18     16 17 16 15     11  7 22 16      3  0  3  7 
  2 15  2  0     15 12 14 13    20  9 21 12    15 15 15  9      9 13 12 15     21  8  9 13      9 15  9  8     17  8 11 15     11  8 22  8      9 11  8  9     14  6 11 11     10 14  6  6     17 17 12 14    16 21 15 17    22 19 22 21      3  0  5 19 
  2 14  2  0     22 20  8 14     21 15 18 20     15 17 14 15     12 18 20 19      9 22  6 18      9  7  7 22     11 10 19 13     22  7 16 10     15 19 22  7     11 16 19 19      6 12 15 16     12 17 22 12     15  7  7 17     22 12 16  7      5  0  4 12 
  2  3  0  0      8  3  0  3     18  3  0  3     14  5  0  3     20  5  0  5      6  5  0  5      7  1  0  5     19  5  0  1     16  5  0  5     22  3  0  5     19  4  0  3     15  1  0  4      9  5  0  1     16  4  0  5     16  1  0  4      4  0  0  1 
