  0  3  2  0      0  1 12  3      0  2 21  1      0  1  7  2      0  1  9  1      0  2 17  1      0  3 19  2      0  5 19  3      0  5 16  5      0  2 10  5      0  4 15  2      0  4 19  4      0  1 21  4      0  1  6  1      0  4 16  1      0  0  1  4 
  2 15  2  0     12 14 13 15     21 20 22 14      7 12 22 20      9 21 14 12     17 19 10 21     19 22  7 15     19 22 21 22     11 22 21 22     10 20  7 22     15 12 12 20     19 19 10 12     21 21  8 19      6 22 22 21     16 20  8 22      1  0  5 20 
  2  8  3  0     13 13 21  9    22 11 12 13    22 14 11 11     14  8 16 14     10 10  6  8      7 21 17 10     21 22 10 17     21 11 17 22      7 22 16 11     12 18 14 22     10 18 18 18      8 20  9 18    22 18 22 20     8 20 10 18      5  0  5 20 
  3 20  5  0     21 19 10 20     12 18 20 19     11  6 14 18     16  8  8  6      6 12 10  8     17 12  7 12     10 17 21 12     17 12 14 17     16  7 22 12     14 20 17  7     18  6 17 20      9  8  6  6     22 15 12  8     10 14 11 13      5  0  4 12 
  5  9  1  0     10 11 16  9     20 16 17 11     14 17  8 16      8 11 15 17     10 15 11 11      7 10 17 15     21 10 14 10     14  6  6 10     22 16 13  6     17 16 15 16     17 15 13 16      6 13 13 15     12 15  9 13     11 14 20 15      4  0  5 14 
  1 14  4  0     16 19  9 14     17 16 17 19      8 10 11 16     15  6 13 10     11 16 19 19     17 22  7 19     14 10 20 22      6 19 17 10     13 16  6 19     15  7  9 16     13  8  6 15     13  6 17  8     12 19 11  6     20 13 10 14      5  0  2 13 
  4 20  4  0      9 19 17 20     17  6 17 19     11 11 14  6     20  6 14 11     19  6  8  6     22  7 16 10     20 18 19  7     17 19 20 18      6  8 22 19      9  9 17  8      6  8 18  9     17  8 11  8     11 11 10  8     10 21 20 11      2  0  5 21 
  4 11  5  0     17 16 22 11      9 18 10 16     14  8  8 18     14 12 13  8      8 13  9 12     16 14 16 13     19  9  8 18     20 14 20  9     22 20  8 14     17 11 18 11     18 13 15 11     11 14 12 13     10 16 12 14     20  6 18 16      5  0  5  6 
  5  7  1  0     22 20 18  7     10  9  7 20      8  9 15  9     13 21  8  9      9  6 22 21     16 12 16  6     8  9  9 12    20 12  7  9      8 14 12 12     18 13 16 14     15  6 19 13     12 15 16  6     21 22 15 15     18 19  6 22      5  0  1 19 
  1 15  2  0     18 20 21 15      7 18  9 20     15  7 18 18      8 16 15  7     22  8 13 16     16 22 14  8      9  7  7 22      7 17 15  7     16 20 13 17     16 13 14 20     19 10 18 13     16 19  9 10     15 11 12 19      6  7  7 11      1  0  2  7 
  2 14  2  0     21  9 16 14     14 21 12  9     18 10 13  7     15 17  7 10     10 18 12 22     14 16 22 18      7 12 10 16     15 15 17 14     13 18 21 15     14 20  8 18     18 20 21 20      9 14 18 20     12 12 18 14      7  6  8 12      2  0  3  6 
  2 16  4  0     16 22 19 16     12 20 11 22     13  7  7 20      7 17 20  7     12 16 13 19     22 14 10 11     10 13 21 14     17 10 12 13     21 17 13 10      8  9 20 17     21 21  8  9     11  6 21 21     18  6 21  6      8  8 22  6      3  0  3  8 
  4 13  2  0     19 16 21 13     11  7 20 16      7 21  9 18     20  7 11 18     13 11 21  7     10 19 13 11     21  6 19 16     12 18 15  6     13  7 11 18     20 13 21  7      9 17 14 13      6 11 14 17     21 12 16 11     22 15 10 17      3  0  4 15 
  2 17  5  0     21 12 19 17    20  9 21 12     9 11  8  9     11  9 12 11     21 13 19 14     13 13 18 13     19 10 10 13     15 15 18 10     11 20 11 15     21  6 14 20     19 12 17  6     14 17  7 12    16 21 15 17    10 21 22 21      4  0  5 16 
  5  7  2  0     19 21 15  7     21 11 22 21      8 22  8 11     12 12 17 22     19 17 18 12     18  9 15 17     10  6 17  9     18  9 22  6     11 19  7  9     14 15 18 19      9 19 19 15      7  9 13 19     15 15 15  9     22 13 18 15      5  0  3 14 
  2  3  0  0      6  3  0  3     22  4  0  3      8  1  0  4     19  4  0  1     18  4  0  4     15  1  0  4      9  5  0  1     22  3  0  5      7  3  0  3     18  3  0  3     19  4  0  3     13  3  0  4     15  2  0  3     18  1  0  2      3  0  0  1 
