  0  1  3  0      0  2 17  1      0  1  7  2      0  4 15  1      0  5 14  4      0  2 10  5      0  1 15  2      0  4 16  1      0  2 16  4      0  3 15  2      0  3  6  3      0  3  8  3      0  1 12  3      0  4  8  1      0  4 19  4      0  0  1  4 
  3 19  4  0     17 20  9 19      7 12 22 20     15  7  7 17     15 19 22  7     10 21 17 19     15 13 18 21     16 22  8 13     16 11  7 22     15 17  8 11      6 17 19 17      8 16 14 17     12 14 10 16      8 16 22 14     19  9 14 16      1  0  5  9 
  4 15  2  0      9 13 12 15    22 11 12 13     7 22  9  7      9 20 12  7     17  7 14 20     18 20  7 11     16 17 11 20      7 12 14 17      8 13  9 12     19 16 21 13     14 14  8 16     10 20 22 14    22 18 22 20    13 16 14 18      5  0  5 16 
  2 13  5  0     12 12 20 15     12  8 14 12      9 15  9  8     12  8 22 15     14 12 13  8     14 13 15 12     11 10 19 13     14 20 13 10      9 13 13 21     21  7 20 13      8 16 15  7     22 19 16 16     22 21 22 19     14 12  9 21      5  0  4 12 
  5  7  1  0     20 18 19  7     14  8  8 18      9 21 21  8     22 11 22 21     13 10 14 11     15  6 13 10     19 16 21  6     13 16 14 16     13 19 12 16     20 18 17 19     15  6 12 18     16  8  8  6     22 16 20  8      9 18 10 16      4  0  4 18 
  1  6  1  0     19  6  8  6      8 22 19  6      7 16 10 22     22 18 14 16     14 20  8 18     13 17 16 20     21 22 10 17     14 10 11 22     15 11 11 10     17 22 21 11     12 20 11 22      6 18 16 20     20 21 15 18     10 14 10 21      4  0  1 14 
  1 21  4  0      8  9 13 21     19 19 15  9     10 12 19 19     14 17 17 12      8 13  6 17     16  6 19 13     10 14  6  6     11 11 22 14     11 10  8 11     21 17 13 10     11 18 11 17     18 18 10 18     15 22 13 18     10 20  7 22      1  0  5 20 
  4 15  3  0     13 16 17 15     15 16 17 16     19 19 11 16     17 21 12 19      6 18  6 21     19  6 22 18      6  9  8  6      7 20 10  9      8 14 22 20     13  9 17 14     11 19  7  9     10 18 13 19     13  7 11 18      7 20 13  7      5  0  5 20 
  3 19  2  0     17 10  6 19     17 21 12 10     11 22 21 21     12 18 14 22      6 17 20 18     22 12 12 17     8  9  9 12    10  6 17  9     22 21  9  6     17 10  7 21     11 16  9 10     13 14 20 16     11 10 21 20     13 19 10 10      5  0  1 19 
  2 15  2  0      6 13 13 15     19 14 21 13     21 20 22 14     14 20  9 20     16 11  7 20     12 19 15 11      9 10 16 19     17 15  7 10      9 15 15 15      7 18 18 15      9 18  7 21     20 21 20 18     21 11  6 21     10 21 22 21      1  0  2 21 
  2 18  1  0     13 15 11 18     21 22 15 15     22 21  6 22      9 16 14 21      7 22 12 16     15 10 17 22     16  7 12 10      7 11  6  7     15 15 18 10     18 19 14 15      7  9 13 19     20  7 18  9      6  8 12  7     22  6  8  8      2  0  3  6 
  1  9  1  0     20 17  8  9     15 17  7 10      6 11 14 17     14  6 11 11     12 15 16  6     17 18  9 15     12 22 10 18      6 19 13 15      9 17  8  9     14 15 15 17     13  8  6 15     18  9  6  8     12 11 11  9      8 22  8 11      3  0  5 22 
  1  9  5  0      8 18 19  9      7 22 20 18      6 18  9 22     11  6 14 18     16 12 16  6      9 14 21 12     10 13 21 14     13 18 13 13      8 20  9 18     15 11 14 20      6 12 19 11      6 22 16 13     11 17 16 22      8 11  8 17      5  0  4 11 
  5  6  5  0     19 12 17  6    20  9 21 12     9 11  8  9     14 12 13 11     18 20 19 12     21 19 10 20     21 15  7 19      7  9 16 15     14 18 20  9     14 12 12 18     19 17 18 12     16 17 19 17    16 21 15 17     8 19 21 21      4  0  1 19 
  5  7  2  0     17 20  7  7     21  6 14 20      8 10 10  6     13  7 18 10     19 17 22  7     10 12 13 17      7 12 17 12     16 11 21 12     20  6 14 11     12 10  8  6     18  8 20 10     10 11 16  8     15 11 20 11     21  7 13 11      1  0  2  7 
  2  3  0  0      7  3  0  3     14  5  0  3     19  3  0  5     18  3  0  3     22  4  0  3     13  2  0  4     17  5  0  2     21  2  0  5     14  2  0  2      8  3  0  2     20  5  0  3     16  4  0  5     20  4  0  4     13  3  0  4      2  0  0  3 
