 0  3  2  0     0  5 22  3      0  4 12  5      0  2 16  4      0  5 21  2      0  2 17  5      0  2 14  2      0  3 15  2      0  3 18  3      0  5 19  3      0  5 20  5      0  1  9  5      0  2 17  1      0  3  6  2      0  3  6  3      0  0  2  3 
  2  7  1  0     22 12 16  7     12 17 22 12     16 22 11 17     21 10 21 22     10  6  8 10     14 18 11  6      8  9 20 17     18  9 22  6     19 17 20  9     20  7  7 17      9 16 15  7     17 19 17 16      6  8 22 19      6 15 13  8      2  0  2 15 
  1 14  4  0     16 13 16 14    22 11 12 13    11 22 14 11     21  9  6 22      8  6  6  9     11 14 17  6     20  9 20 14     22 21 21 11     20 21 20 18      7 20 13 21     15  6 13 13     17 20 18  6    22 18 22 20    13  7 11 18      2  0  5  7 
  4 15  2  0     16  6 12 15     12 18 15  6     14 16 22 18      6 19 13 16     19 15  9 19     17 14 15 15     20 21  6 14     21  8  9 21     20  9 18  8     13 19 10 18     13 11 10 19     18 20  7 11     22  7 15 19     11  6  7  7      5  0  5  6 
  2 18  1  0     12 19 17 18     15 11 12 19     22 21 22 11     13 19 16 21      9 10 16 19     15 11 11 10     10  8 11 11      9 15  9  8     18 10 15 15     10 13 19 10     10 15  6 13      7 18 18 15     15 22 13 18      7 19 17 22      5  0  1 19 
  1 19  4  0     17 21 12 19     12 10 17 21     22  7 16 10     20 10  9  7     16  9 18 10     11  8  9  9     11 15 17  8      9 13 12 15     15  6 19 13     19  6  8  6      6 10 14  6     18 18 18 10     13 15 11 18     17  7 10 15      1  0  5  7 
  4 19  4  0     12 16 13 19     17 15 13 16     16 11 21 12      9 12 11 11     18 20 19 12      9 13 13 21     17 10 12 13     12 19 19 10     18  7 22 20      8 16 15  7     14 17  8 16     18  9 15 17     14  8 16 22     10 11 16  8      5  0  4 11 
  4 20  4  0     13  7  7 20     13  6 17  8     21 21 11  6     11 20 11 15     19 20 18 17     13 14 20 16     12 12  8 14     16  6 16 12     22 15 12  8     15 16 17 16      8 22  8 11     15 10 17 22     16 12 14 10     16 16 22 19      4  0  5 16 
  4 18  4  0      7 21  9 18     17 19 10 21     11 16 19 19     11  7 22 16     18  9 20  7     20 12  7  9     8  9  9 12    16 14 21  9     12 13  8 14     17 21 22 10      8  9 13 21     17  8  9  9     14  8  8 18     22 16 20  8      5  0  5 16 
  4 13  3  0      9 17 14 13     10  6 19 17     19 12 17  6     22 10 18 12     20  7 22 10      7 17 15  7      9 10  6 17     21 10 14 10      8  6 12 10     22 16 13  6      7 12 10 16      9 14 21 12      8 16 14 14     20 13 17 16      5  0  2 13 
  3 19  4  0     14 15 18 19     22  8 13 16     17  8 11  8     18 14 20  8     22 20  8 14     15 11 14 20      6 12 19 11     14 17 17 12     12  7 12 17     13 11 21  7     10 21 20 11     21 22 19 22     14 10 11 22     17 15  7 10      2  0  1 15 
  4 13  2  0     18 13 13 13     13 10 14 11     11 16  9 10     20  6 18 16      8  8 22  6     14 13 15 12     19 14 21 13     17  7 12 14     12 22 20  7     21 11 17 22     20 16 17 11     19  9 14 16     11 19  7  9      7  9 13 19      1  0  5  9 
  2  8  3  0     13  9 12  8     14 18 20  9      9  6  8 18     18  6 21  6     22 18 19  6      8 20 10 18     21 15 18 20     12 12 20 15     20 11 22 12     17 11 18 11     14  6 11 11     14 11 20  6      7 20 16 11     13 10 14 20      5  0  2 10 
  3 14  5  0     12 12 18 14    20  9 21 12     8 18 19  9     21 17 13 10     19 17  6 17     10  7 21 17     18 10 13  7     20 22 14 10     22 14 21 20     18 13 16 14     11 14 12 13     20 17  7 14    16 21 15 17    14 12  9 21      2  0  3 19 
  5 20  1  0     18 19  7 20     21 21  8 19     19 10 20 21     13 21 14 10      6 19 16 21     21 15  7 19     13 18 21 15     14 22 12 18     21  6 22 22     16  8  8  6     12  7  6  8      7 22  9  7     15 15 21 22      9 15 15 15      3  0  4 15 
  1  3  0  0      7  3  0  3      8  3  0  3     20  5  0  3     14  4  0  5     16  1  0  4      7  2  0  1     21  1  0  2     12  3  0  1     22  4  0  3      8  1  0  4      6  1  0  1      9  1  0  1     21  4  0  1     15  1  0  4      4  0  0  1 
