  0  3  2  0      0  3  7  3      0  2  8  3      0  5 21  2      0  2 13  5      0  2 14  2      0  4 15  2      0  1 21  4      0  2 21  1      0  1  7  2      0  4 16  1      0  2 16  4      0  4 13  2      0  3 22  4      0  3 18  3      0  0  2  3 
  2  7  1  0      7 20 13  7      8 14 22 20     12 12 18 14     13 11 14 12     14 17  6 11     15  7  7 17     21 17 10  7     21 12 10 17      7 12 17 12     16  6 16 12      8  8 22  6     13  6 17  8     22 11 22 21     12 19 15 11      2  0  3 19 
  1  9  1  0     13 13 21  9    22 11 12 13    18 13 15 11     14 20 16 13     19 19 15  9      7  9 11 19     10 11 22 14     10 21 20 11     12 19 17 21     16 21  6 19     22 19  6  8     17 20  9 19    22 18 22 20    15 22 13 18      3  0  5 22 
  1 12  3  0     21  6 14 20     12 10  8  6     15 17  7 10     16 15 16 17     15 21 22 15     11  6 21 21     22 22 21  6     20 18  7 22     17 19 20 18      6  8  6 19      6  6  9  8     12 19 11  6     22 21 22 19     13 19 16 21      5  0  1 19 
  3  6  3  0     14 18 11  6      8 20 10 18      7 22 10 20     16 20  8 22     22 14 10 20     21 20 22 14     21 19 10 20      7 15 19 22     20 15 11 14      6 19 13 15      9 10 16 19     11 22 12 20      6 18  9 22     16 20  6 18      1  0  5 20 
  3  8  3  0     11  8 22  8     10 18 13 19     10 16  9 18      8 16 14 17     16 16 22 19     22 18 14 16     10 18 18 18     19  7 20 18     11 18 20  7     13 13 13 18     16 14 18 13     12  9 21 14      9 17  8  9      6 16  8  8      5  0  5 16 
  3 14  5  0      6 11 11 14     13  7 11 18      9 12 11 11     14 17  7 12     22  7 19 17     14 20 17  7     18 18 15  7     20  9 14 18     20 12  7  9     13  8 14 12     18 14  8  8     21 12  9 14     14 13 15 12      8  6 15 13      5  0  5  6 
  5 20  5  0     11 15 11 20     11 11 10 15     11 22 14 11     16 13  6 22     19 12 16 13     17 22 12 12     15 12  8 22     14 17 17 12      7 22 16 11     14  8 16 22      9 13 21  8      9 12  8 13     15  9 13 12     15  9  8  9      5  0  1  9 
  5 16  4  0     11 13 10 14     10 21 17 13     14 10 13 21      6  8 10 10     16 14 14  8     12 12  8 14     8  9  9 12    17 14 13  9     16 13 16 14     16  6 19 13     22 21  9  6      8 19 21 21     13 11 10 19      8 17  8 11      1  0  2 17 
  4 20  4  0     10  9  7 20     17  9 10  6     13 19  7  9     10 10 13 19     14  6  6 10      8 18  9  6      9 20  7 18     13 17 16 20     16 17 19 17     19 17  6 17      9  9 11  8     21 22 10 17     10 18 12 22      8 20  9 18      2  0  3  6 
  4 13  3  0      7 18 10 13     10 15 15 18     11  7 20 16     13 11 21  7      6  7  7 11      9 16 15  7      7 12 10 16     16  7 22 12     19 21 15  7      6 18  6 21     11 17 11 18     10  6 19 17     12 15 16  6      9 15 15 15      3  0  4 15 
  3 19  4  0     10 21 17 19     15 18 20 21     20 21 20 18     21 11 22 21     20 16 17 11     15  7  8 16     10 17 15  7     22 15 10 17     15 17 14 15      6 19 12 17     11 16 19 19     19  9 14 16     16 14 21  9     15 18 19 14      4  0  4 18 
  4 11  5  0     17 16 22 11     20 14 20  9     20 13 10 14     22 21 11 17     10 21 22 21      8  9 21 21     15 17 18  9     10 12 13 17     14 10 16 12     12 18 20 19     19  6 22 18     14 11 20  6     21 12 16 11     19 19 10 12      4  0  4 19 
  5 14  4  0     22 12 18 14    20  9 21 12    10 11 16  9     11 10  8 11     22  7 16 10     21  9 18  7     18  6 17 20     13 13 15  6     16 22  8 13     20  7 12 22     22  9  7  7     20 17  8  9    16 21 15 17    10 14 10 21      4  0  1 14 
  4  8  1  0     18 14 20  8     21 13 19 14     16 17 15 13      8 11 15 17     16  8 10 11     18 19  9  8     17 18 12 19     15  6 12 18      8 12  7  6     12 20 15 12      7  7 17 20     13 21  7 20     15 13 18 21     10 15  6 13      1  0  4 15 
  1  3  0  0     20  5  0  3     19  3  0  5     15  2  0  3     15  2  0  2     10  5  0  2      9  1  0  5     19  4  0  1     12  5  0  4      7  1  0  5     15  2  0  1     17  5  0  2      7  2  0  5     18  1  0  2      6  1  0  1      4  0  0  1 
