  0  1  3  0      0  5 20  1      0  5 20  5      0  5  6  5      0  2 17  5      0  5  7  2      0  3 14  5      0  5 22  3      0  1  9  5      0  2 21  1      0  3  6  2      0  2  8  3      0  3 19  2      0  3  8  3      0  4 13  3      0  0  1  4 
  3 15  2  0     12 12 20 15     20 11 22 12      6 14 18 11     17  8 16 14      7 18  9 20     14 16 22 18     22 19 16 16      9 10 16 19     21 10 14 10      6  8 10 10      8 18 14  8     19  6 22 18      8  8 22  6     20  9 18  8      1  0  5  9 
  2 14  2  0     20 13 10 14    22 11 12 13    18 13  7 11     16  6 19 13     17  9 10  6     13 12 15  9     16 13 19 12     16 22  8 13     14 11 11 22     10 21 20 11     15  7 19 21     22 20 18  7    22 18 22 20    18 10 18 18      5  0  2 10 
  2 17  1  0     10 12 13 17     12 17 22 12      7 12 14 17     19 19 10 12     10 10 13 19     15  6 13 10     19 16 21  6      8  8  6 16     14 12 13  8     20  6 18 16     19 17 10  6     18 12 19 17     22 20  7 12     18 15 22 13      2  0  2 15 
  1  9  1  0     13 21  8  9     22 10 17 21     14 11 13 10     10 15 11 11     13 16 17 15     13 16 14 16     21 13 19 16      6 14 20 21     13 15 12 14     15 15  9 15     10 17 22 15     19 17  6 17      7 10 15 17     22  7 16 10      2  0  1  7 
  1 19  5  0     14 20 17  7     17 16 17 19     13  6 22 16     11 11 14  6     17 11 18 11     14 15 18 19     13 18 21 15     20  9 14 18     12  8 13  9      9 20 17  8     22 14 10 20      8 14 22 20     15 15 17 14     16  6 12 15      1  0  1  6 
  5 16  5  0     17 11 20 16     17 16 22 11     22 14  8 16     14  8 16 14     18  9  6  8      6 22 21  9     21 22 19 22     14 10 11 22     13  7 18 10     17 20  7  7     10  9  7 20     13 19  7  9     17 22  7 19     12 16  7 22      1  0  4 16 
  5 14  4  0     20  9 20 14     22  6 18  9      8 12  7  6     16  6 16 12      6 10 14  6     21 22 21 10     19  6  8 22     11 20 11 15     18  6 17 20      7  7 11  6      7 22  9  7      7 15 19 22      7  7 17 15      7 20 13  7      4  0  4 20 
  4 18  4  0     20 19 12 18     18 19  9  8      7 20 18 19     16 11  7 20     14 17  6 11     21 12 19 17     8  9  9 12    11 19  7  9     17 20  9 19     11 16  9 10      9  8  9 15     11 15 17  8     17 18  9 15     13 19 10 18      4  0  1 19 
  4 15  1  0     12 16 11 21      9 18 10 16     18 15  7 18      7  8 16 15      6 12 10  8     19 11  6 12      9 12 11 11      7 12 17 12      9 21 14 12      9 13 13 21     11 21  7 13     17 13 10 21      9 17 14 13     10  7 21 17      1  0  2  7 
  1 21  4  0     11 17 22 21     10 15 15 18      7 10 17 15     16 12 14 10     10 17 21 12      6 19 12 17     11 16 19 19     15 16 17 16     14 18 13 16     13 15 11 18      7  9 16 15     10 18  8 20     14 20  8 18     21 15 18 20      2  0  1 15 
  4  8  1  0     22 15 12  8     15 21 22 15     17 19 20 18     14 21 13 19     21 11  6 21     20  6 14 11     19  6  8  6     17  8 13  6     19 21 21  8     11 22 21 21     16 11  7 22      8 17  8 11      8  9  9 17     18  7 21  9      1  0  5  7 
  1 12  3  0     12  8 14 12     22 16 20  8     20 13 17 16     13 18 13 13      6 21  6 18     14 10 13 21     11 16  8 10     13 14 20 16     21 20 22 14     21 20 18 20      7 11 18 20      8 22  8 11      9 14 16 19     21 12  9 14      5  0  4 12 
  3 18  3  0     14 12 12 18    20  9 21 12     8  6  6  9     13 15  6 13      6 19 13 15     13 11 10 19      8  9  9 11     20 12  7  9     22 10 20  7     18 12 22 10     18 14 22 12     17 17 12 14    16 21 15 17     9 16 14 21      4  0  5 16 
  3  7  3  0     12 10 16  7     21 17 19 10      6 15 13  8      6 12 18 15     13 11 14 12     10  8 11 11      9 21 21  8      7 20 13 21     20 21 19 10     22 21  6 22     22 11 22 21     12 19 15 11     15  9 19 19     14 20 15 11      5  0  3 20 
  3  2  0  0     16  4  0  2     19  4  0  4     13  2  0  4     18  1  0  2     14  4  0  1     11  5  0  4     21  2  0  5     13  5  0  2     19  3  0  5      6  3  0  3     22  4  0  3     15  3  0  4     19  4  0  3     15  2  0  4      3  0  0  2 
