  0  2  3  0      0  4 13  2      0  5 16  4      0  2 13  5      0  4 15  2      0  4 19  4      0  3 19  4      0  3  6  3      0  2  8  3      0  2 15  2      0  5 21  2      0  5 16  5      0  5  6  5      0  3 20  5      0  3  7  3      0  0  1  3 
  3 15  2  0     17  7 10 15     16 10 22  7     13 21 14 10     15  7 19 21     19 17 22  7     19 20 18 17      6 14 11 20      8 18 14 20     13 15 11 18     21 22 15 15     16 11  7 22      6  7  7 11     20  7 22 10      7 17 15  7      1  0  2 17 
  2 18  1  0     10 13  7 18    22 11 12 13    14 17  6 11     19 17 16 17     22 15 10 17     18 19 14 15     11  6 12 19     18 16 20  6     11  7 20 16     15 19 22  7     22 21 22 19      7 20 13 21    22 18 22 20    15  7 18 18      2  0  5  7 
  1 19  4  0     16 21 13 19     12 19 17 21      6  8 22 19     16 14 14  8     10 16 12 14     13 14 20 16     12 13 11 14     20 21  6 14     20 11 10 21     22 21 22 11     22 18 19  6     13 16 14 18     22 11 17 16     10 19 13 11      5  0  1 19 
  4 15  3  0     13 16 17 15     15  7  9 16     22  9  7  7     14 18 20  9     12 22 10 18     20  7 12 22     11 18 13  7      6 17 20 18     10  7 21 17     22 12 16  7     19 17 18 12     14 13  9 17     17 20  9 19     13  7  7 20      1  0  2  7 
  3 14  5  0     17  7 12 14      9 20 12  7      7  7 17 20     20 10  9  7     10  6  8 10     12 15 16  6     13  8  6 15     20 21 20 18     21 11 22 21     16  9 10 11     18  7 21  9      9 11 19  7      9 12 11 11      7  6  8 12      2  0  3  6 
  5  7  1  0     12 17 12  7     12 10 16  7     17 21 22 10      9 16 14 21      8 10 11 16     16  9 18 10      6 22 21  9     20 18  7 22     22  6  8  8     22 16 13  6     21  6 19 16     19 13 15  6     11 21  7 13      8 19 21 21      3  0  5 19 
  1 12  3  0     12 20 15 12     16  6 19 13     22 22 21  6     14 21 20 22     11  6 21 21     18  9 22  6     21 21  8  9      7  9 13 19      8 18 19  9     13 19 10 18     19 10 12 19     15 15 18 10      7 10 17 15     21 17 19 10      5  0  2 17 
  3 22  4  0     15 12  8 22     19 16 16 22     12 10 17 21     20 22 14 10     21 11 17 22     22 12 20 11     8  9  9 12    13 21  8  9     19 10 20 21     10 13 19 10     12 15  9 13     18 20 21 15     18 19  7 20     19 15  9 19      2  0  1 15 
  4 12  5  0      8 14 12 12     16 19  9 14     17 10  6 19     14 20 13 10     17  8  9 20     20  9 18  8      9 17  8  9      8 11  8 17     20 16 17 11     19  9 10 16      9 11  8  9     21 12 16 11     13  8 14 12      9 15  9  8      1  0  5  9 
  5 20  5  0     12 18 15  6      9 15 17 18      6 13 13 15     13 13 18 13      9 12  8 13     18 20 19 12      8 22 16 20      8 11  8 22     17 11 18 11     10  8 11 11      8  6 16  8     16 12 16  6     14 17 17 12      9 10  6 17      5  0  2 10 
  5 14  4  0     15 15 17 14     17  8 11 15     13 19 14 21     20  7 18  9      8 16 15  7     19 19 11 16     12 17  6 19      8 13  6 17     18 15 22 13     11 12 19 15     16 13 19 12     16 14 16 13     17  8 16 14      6 19  6  8      2  0  3 19 
  4 20  4  0     17  7 14 20     11 18 20  7     14  8  8 18     18  9  6  8     15 15 15  9     11 14 20 15      6 11 11 14      6 14 18 11     22 12 18 14     12 17 22 12     19 17  6 17     16 20 13 17     16 15 16 17      6 13 10 15      3  0  4 13 
  4 18  4  0     14 12 12 18    20  9 21 12     8  6  6  9      6 10 14  6     15 11 11 10     20 11 15 11     11 22 14 11     18 10 18 18     18  8 20 10     22  8 13 16      6 12 10  8     13 17 10 12    16 21 15 17    10 14 10 21      4  0  1 14 
  4 15  1  0     12 14 13 15     21 12  9 14      6 21  6 18     14 12  9 21     11 22 14 10     14  8 16 22     14 22 20  8     18 14 16 22     20  9 20 14     13 13 21  9     10 14 11 13     10 21 22 21     15 13 18 21     10 21 17 13      1  0  2 21 
  1  4  0  0     16  1  0  4      9  1  0  1      6  1  0  1      7  2  0  1     14  2  0  2     16  4  0  2      8  1  0  4      9  5  0  1     20  1  0  5     21  4  0  1     11  5  0  4     22  3  0  5     18  3  0  3      8  3  0  3      2  0  0  3 
