  0  1  3  0      0  2 17  1      0  1  7  2      0  4 16  1      0  4 18  4      0  2 16  4      0  3 15  2      0  2  8  3      0  1 15  2      0  2 18  1      0  4 13  2      0  1 19  4      0  5 20  1      0  5 16  5      0  2 10  5      0  0  3  2 
  3  6  2  0     17 20  9 19      7 12 22 20     16 15  7  8     18 10 15 15     16 19  9 10     15 16 17 16      8 10 11 16     15  6 13 10     18 14 16 22     13 11 21  7     13 17 10 12     20  7  7 17     16 10 22  7     10 13 19 10      3  0  4 13 
  2  7  1  0      9 13 19  7    22 11 12 13     7 22 16 11     15 12  8 22      9 14 21 12     17  7 12 14     11 18 13  7     13 13 13 18     16 22  8 13     21 11 17 22     10 19 13 11      7 20 18 19    22 18 22 20    19 14 15 18      4  0  5 14 
  1  9  5  0     19 19 15  9     12 17  6 19     16 17 19 17      8  9 20 17     21 21  8  9     22 21 10 21     13 19 14 21     21 22 11 22      8 11  8 22     17 11 18 11     13 10 14 11     18 13 19 10      9 17 14 13     15 13 16 17      5  0  2 13 
  5 21  2  0     22 10 17 21      6 19 16 21     19 11 16 19     20 11 15 11      8 17  8 11     10  7 21 17     14 20 17  7     11 11 14  6      8  9  9 11     18  8 20  9     14 12 13  8     19 19 10 12     17 22  7 19     16 13  6 22      2  0  4 15 
  2 17  5  0     17 12 14 17     16 13 19 12     16 14 18 13     11 20  6 14      8 18 14 20     21 15 13 18     17 18  9 15     14  8  8 18      9  9 17  8     20 14 20  9     13 15 12 14     10 17 22 15      7 10 15 17      6 19 17 10      4  0  3 19 
  5 22  3  0     14 11 11 22     19  7  9 11     18 10 13  7      6 19 13 15     14 20 15 11     13 17 16 20      9 10  6 17      8 11 11 10     17 16 22 11     20 18 17 19     12 22 10 18     22 13 18 15     15  6 13 13     17 19 17  6      3  0  5 19 
  3 22  4  0     11  9 12 11      9 20 12  7     13  7  7 20     13 21  8  9     15 18 20 21     16 13 14 20      6 17  8 13     11 20 16 17     22 14 10 20     17  8 16 14     10 10  6  8     18 18 18 10     13 15 11 18     17 14 15 15      5  0  3 14 
  4 15  1  0     12 12 20 15     12 18 14 12      7 22 20 18     19 16 16 22     20  8 22 16     14 12 12  8     8  9  9 12    16 14 21  9     10 13 21 14     16 14 16 13      6  6 10 14     18 16 20  6     11  7 20 16     18 18 15  7      3  0  3 18 
  1 21  4  0     20 11 10 21     14 12 13 11     19 15 11 12     16  6 12 15     22 21  9  6     12 18 20 19      9 20  7 18     21  6 14 20     21  6 18  6     16 12 16  6     10 17 21 12     20 18  6 17     20 21 20 18     15  7 19 21      3  0  3  7 
  4 19  4  0     10 21 17 19     19 10 20 21     11 22 14 10     12 18 14 22      9 18 10 16     20  7 11 18      7 22  9  7     14  8 16 22     18  9  6  8     16 15  7  9     21 22 15 15      6  8  8 22     20 10 18  8     17 15  7 10      3  0  4 15 
  4 12  5  0     17 18 12 19     20  9 14 18     14 16 19  9     14 14  8 16     10 16 12 14     11 21 12 16      9 13 13 21     10 21 17 13      6 22 22 21      7 15 19 22     15  9 15 15      8  6  6  9     18  9 22  6      7 20 10  9      4  0  4 20 
  5  9  1  0     12  8 13  9     14 22 20  8     19  6  8 22      8  6 19  6     12 19 11  6     21 21  8 19     13 19 16 21     17 21 12 19     22 19 22 21     13 10 14 20     15 11 11 10      6  7  7 11     22 12 16  7     10 16  7 12      4  0  5 16 
  1  9  1  0     13 12 15  9    20  9 21 12     8 18 19  9     19  6 22 18     11 14 17  6      8  6 12 10     16  8  8  6     12  7  6  8     22 10 20  7     14 10 21 10     11 16  9 10      7 17 15  7    16 21 15 17     7 20 13 21      5  0  3 20 
  1  6  1  0     15  9  8  9     21 14 12  9     18 11  6 14     22 12 20 11     17 12  7 12     12 17 22 12      8 11 15 17      6 21 21 11     20 22 14 21     21 21 11 22      9 18  7 21     15  6 12 18     15 13  8  6     16  6 19 13      3  0  3  6 
  1  4  0  0      8  1  0  4     19  5  0  1      6  5  0  5     20  5  0  5      7  2  0  5     14  2  0  2     15  2  0  2     21  1  0  2     14  4  0  1     11  5  0  4      7  1  0  5     12  3  0  1      8  3  0  3     19  2  0  3      3  0  0  2 
