 0  3  2  0     0  3  6  3      0  5 19  3      0  5  6  5      0  5 20  5      0  4 11  5      0  1 14  4      0  1  6  1      0  4 15  1      0  1 21  4      0  4 16  1      0  4 18  4      0  5 16  4      0  5 16  5      0  3 14  5      0  0  1  3 
  2 18  1  0      6 21  6 18     21 11 22 21      6 21 21 11     20 11 10 21     11 10 15 11     14 20 13 10      6 18 16 20     15 22 13 18     21 11 17 22     16  8 10 11     18 14  8  8     16 19  9 14     16 16 22 19     14 21  9 16      1  0  2 21 
  1  9  1  0     13 13 21  9    22 11 12 13    21 12 16 11     10 17 21 12     15  7  7 17     13 11 21  7     16  9 10 11     13 21  8  9     17 10  7 21     10  6  8 10      8  8 22  6      9 20 17  8    22 18 22 20     9 15 17 18      2  0  2 15 
  1 15  2  0     21 22 15 15     12 20 11 22     16 13 14 20     21  7 20 13      7 22  9  7     21  9  6 22     10  6 17  9      8  6 19  6      7  7 11  6      8 16 15  7     22 14  8 16     17 20 18  6     22 14 21 20     17  7 12 14      2  0  3  6 
  2 17  5  0     15 13 16 17     11 10 19 13     14 10 21 10     20  7 22 10      9 13 19  7      6 17  8 13     17 12 14 17     19 17 18 12     11 20 16 17     15 12 12 20      8 13  9 12     18 13 13 13     21 14 10 13     12 13 11 14      3  0  4 13 
  5 20  1  0     16 11  7 20      8 22  8 11     21 22 19 22     22 20  8 14     19 12 18 20      8 14 12 12     14  8 16 14     18 19  9  8     16  6 19 13     12 15 16  6      9 15 15 15     13 18 21 15     10 15 15 18     11 20 11 15      4  0  4 20 
  1  7  2  0      7 20 13  7      8 18 14 20     19  6 22 18      8 12  7  6     18 14 12 12     12  9 21 14     16  8  8  6      9  9 11  8     19 17 20  9     16 17 19 17     15  7 10 17     21  9 18  7     15  9  8  9     11 19  7  9      4  0  3 19 
  2 10  5  0     18 12 22 10     14 13 15 12     22 20 18  7      7  7 17 20     12 10 16  7     21 17 13 10      8 11  8 17     11 14  6 11     20 15 11 14     19 22  7 15     10 17 21 22     18 18 15  7      8 20 10 18      7 18  9 20      3  0  3 18 
  5 21  2  0     22 11 22 21     13 10 14 11     18 13 19 10     17 10 12 13     16  9 18 10     13 12 15  9     8  9  9 12     6  8 18  9     11 15 17  8      7 19 21 15     21 21  8 19     15 18 20 21     10 18 18 18      9 22  6 18      3  0  5 22 
  2 16  4  0     22  8 13 16     14 12 13  8     19 17 21 12     16 20 13 17     18 19  7 20     15 11 12 19      9 12 11 11     18 14 22 12     17  8 16 14     21 17 19 10      8  9  9 17     18  8 20  9     18 15  6 12      6 13 10 15      5  0  2 13 
  4 19  4  0     20 18 17 19     13  7 11 18     21 13 19 14     13  7 18 10      9 16 15  7     12 14 10 16     11 11 22 14     22 14 10 11     16 13 16 14     19 12 16 13      9 14 21 12     20 17  7 14      6 19 12 17     10 13 19 10      2  0  4 13 
  4 15  2  0     17  7 10 15     11 18 20  7     19 14 15 18     18 13 16 14     15 11 18 13     10  8 11 11     22 15 12  8     10 17 22 15     16 22 11 17     16 20  8 22     21 20 18 20      7 12 22 20     12 17 22 12     19 19 10 12      4  0  1 19 
  2  7  1  0     10  9  7 20     20 14 20  9     15 15 17 14     10  6 19 17     12 19 11  6     11 16 19 19     12 16  6 16     22 18 14 16     11  6 14 18      8 22 19  6     21 10 21 22     22  7 16 10     22 12 16  7     10  8  6 12      1  0  4  8 
  1 12  3  0      7 12 17 12    20  9 21 12    17 14 13  9     19 17  6 17     11 18 11 17     19 13 15  6      6 22 16 13     14 10 20 22     14  6  6 10     19 16 21  6     21 13 19 16     16 17 16 15    16 21 15 17     6 14 20 21      4  0  5 14 
  3 19  2  0     17 22  7 19     21  6 22 22     13 13 15  6      8  6 15 13     11 14 17  6     18 20  9 14     16 11  7 22     20  6 14 11      6  9  8  6     21 21  8  9     19 10 20 21     16 19  9 10     15  9 19 19     20 12  7  9      5  0  4 12 
  2  3  0  0      7  3  0  3     22  4  0  3     15  3  0  4     15  2  0  3     17  1  0  2      9  5  0  1      7  2  0  5     14  2  0  2      8  3  0  2      8  3  0  3     20  5  0  3      9  1  0  5     19  5  0  1      7  1  0  5      4  0  0  1 
