 0  3  2  0     0  4 13  3      0  4 19  4      0  3 19  4      0  5 19  3      0  4 12  5      0  5 16  4      0  2 10  5      0  1  7  2      0  2 21  1      0  5  7  2      0  1 19  5      0  4 16  1      0  2 16  4      0  3  6  2      0  0  1  3 
  2 13  5  0     13 18 13 13     19  6 22 18     19 17 10  6     19 17  6 17     18 12 19 17     16 20  6 18     10 18  8 20      7 22 20 18     21 10 21 22      7 21 17 10     19 10 20 21     16  7 12 10     16 10 22  7      6 17  9 10      1  0  2 17 
  5  7  1  0      9 13 19  7    22 11 12 13    10 15 11 11      6 12 18 15     19 19 10 12      6  8  6 19      8 18 14  8     20 21 20 18     21 11  6 21     17 22 21 11     20 12  7  9     12 20 15 12    22 18 22 20     9 15 17 18      2  0  2 15 
  1 12  3  0     19 15 11 12     12  8 22 15     11  8 17  8     18  9  6  8     10 16 19  9      6 16 12 16     14 17  8 16     20  9 19 17      6 22 21  9     21 22 19 22      7 15 19 22     15 21 22 15     22 10 17 21     17 15  7 10      2  0  3 15 
  3  6  3  0     11 11 14  6     22 21 22 11     17 13 10 21      6 17  8 13     19 10 21 17     12 13 17 10      7 18 10 13     19 14 15 18     21 12  9 14     19 17 21 12     19 17 16 17     22  7 19 17     17 15  7  7      7 18 18 15      3  0  3 18 
  3 22  4  0     14 11 11 22     22 14 10 11     10 20 22 14      8 14 22 20     21  9 16 14     17 14 13  9     10 13 21 14     15 11 18 13     10 19 13 11     11 16 19 19     16 20  8 22     19 12 18 20      7 12 17 12     18 14 22 12      3  0  3  8 
  4  8  1  0     11 15 17  8     10 17 22 15     22 12 12 17     22 10 18 12     16  9 18 10     13 12 15  9      7  6  8 12     18  6 21  6     13 13 15  6     19 16 21 13      8 10 11 16     18 13 19 10     17 16 20 13     22  8 13 16      3  0  2  8 
  1 15  2  0     17  8  9  9     22  6  8  8      9  8  6  6     18 14 20  8     18 20  9 14     15 11 14 20      8 22  8 11     21  6 22 22     15 13  8  6     21  8  9 13     11 11 10  8     19  7  9 11     20 13  7  7     13 21  9 13      2  0  5 21 
  2 18  1  0     11 17 11 18      6 19 12 17      6  8 22 19     20  9 18  8     12  8 13  9     14 12 13  8     8  9  9 12    22  6 18  9      8 10 10  6     14 13 15 12     10 15  6 13      9 15 15 15      7  8 16 15      9 20 17  8      5  0  5 20 
  1  9  1  0     11  6  7  7     12 10  8  6     13 19 10 10     21 15  7 19     13 18 21 15     13 16 14 18      9 10 11 16     18 14 12 12     10 21 10 14     15 18 20 21     10 15 15 18     15 17 14 15     16 11 21 12     17 16 22 11      5  0  5 16 
  1 21  4  0      7 20 13 21      7 12 22 20     10 17 21 12      7 14 20 17     21 20 22 14     18  6 17 20     11 14 17  6     12 13 11 14     10 14 11 13     20 16 13 14     15 16 17 16     14 16 13 16     21  6 19 16     14 11 20  6      5  0  4 11 
  4 15  2  0     13 16 17 15     12 19 11  6     15  9 19 19     20  7 18  9     22 16 11  7     14 14  8 16     17 17 12 14     11 20 16 17     11 22 12 20     13 18 15 22     17 19 20 18     13 16  6 19     19  9 14 16     20 14 20  9      4  0  1 14 
  2 14  2  0     17  7 12 14     11 18 20  7     19  9  8 18     18  7 21  9     11  8  9  9      8  6 16  8     22 16 13  6     16 22 19 16     12 16  7 22     15  7  9 16     20 16 11  7      6 12 15 16     14 10 16 12     20  7 22 10      1  0  2  7 
  2 17  5  0     12 12  8 14    20  9 21 12    21 21  8  9     21 11 22 21      9 12 11 11     16 13 19 12     18 18 10 18     19  7 20 18     22  9  7  7      7 20 10  9     11 10 21 20     15 17  7 10    16 21 15 17     8 19 21 21      2  0  3 19 
  5  9  1  0      8  9 15  9     21 14 12  9      8 16 22 14     22 18 14 16     11  6 14 18     19 13 15  6     10 14 20 13     20 21  6 14      7 17 20  7     10 14  6  6     21 13 19 14      7 11 18 13     15 11 20 11     21  7 13 11      3  0  3  7 
  1  4  0  0     15  1  0  4      9  5  0  1     22  3  0  5     14  5  0  3     14  4  0  5     15  3  0  4     20  5  0  3      6  5  0  5     20  1  0  5      6  1  0  1     19  4  0  1     18  4  0  4     20  4  0  4     13  2  0  4      3  0  0  2 
