  0  1  3  0      0  5  7  1      0  2 10  5      0  3 19  2      0  1 12  3      0  1  6  1      0  5  9  1      0  1  9  5      0  2  7  1      0  4 15  2      0  1 14  4      0  2 17  1      0  3  6  2      0  5 22  3      0  4 12  5      0  0  1  4 
  3 22  4  0      7 15 19 22     10 17 22 15     19 17  6 17     12 14 17 17      6  6 10 14      9  8  6  6      9  9 17  8      7  7 22  9     22 10 20  7     14 12 13  8     10  8  6 12      6 19  6  8     22 21 22 19     12  9 14 21      1  0  1  9 
  4 15  1  0      9 13 12 15    22 11 12 13     6 14 18 11     17  8 16 14      6 16  8  8      6 12 18 15     17  6 19 12     22 22 21  6     20  8 14 22     13  9 12  8      6  8 18  9      9 20 17  8    22 18 22 20    14 20  8 18      1  0  5 20 
  1 19  5  0     12 18 20 19     12 22 10 18     18 14 16 22     16 13 16 14      8  6 15 13     18  9 22  6     19 19 15  9     21 11 22 21     14  6 11 11     21  6 18  6     18 16 20  6     17 11 20 16     22 14 11 11      8 16 22 14      5  0  5 16 
  5 21  2  0     20 22 14 21     10 17 21 22     16 20 13 17     16 13 14 20     15 16 17 16     22 19 16 16     15 11 12 19     22 14 10 11     11 20  6 14     18  7 22 20     20 16 11  7     20  8 22 16     11  8 17  8     22  8 11  8      5  0  5  6 
  2 17  5  0     14 13  9 17     21  9 13 13     13 19  7  9     14 21 13 19     17 19 10 21     16 21 13 19     12 16 11 21     10 17 21 12      6  8 12  7     22 15 12  8     11 20 11 15     22 14 10 20     17  7 12 14     11 14 12 13      5  0  3 14 
  5 19  3  0      9 10 16 19     13 19 10 10      7  9 11 19     13 21  8  9     10 14 10 21     18 13 16 14     11 10 19 13     21 22 21 10     12 16  7 22     12 14 10 16     11 13 10 14     10 14 20 13     12 12 18 14     12 20 15 12      3  0  3  6 
  3  8  3  0     16 14 14  8     10 13 21 14     11  9 12 11     18 10 16  9     10 13  7 18     16 22  8 13     19  6  8 22     21 21 11  6      7 13 11 21     10 21 17 13     10 17 15  7     20 18  6 17     18 15  7 18     15 18 10 15      3  0  3 18 
  3  7  3  0     14 17  6 11     21 12 19 17     12 17 22 12     16 17 19 17      7 14 20 17     22 12 18 14     8  9  9 12    11  8  9  9     11  6 12 19     17  9 10  6     15 15 15  9      6 13 13 15      7 11 18 13     10 15 11 11      3  0  4 15 
  3 15  2  0      6 19 13 15     19 11 16 19     22 12 20 11     19 17 18 12     20  7  7 17     18  9 20  7      9 16 15  7      9 10 11 16     12 13 17 10     10 15  6 13     15 21 22 15      8  9 15  9     18  8 20  9     16 15  7  8      4  0  1 21 
  2  8  3  0     13  6 17  8     16 12 16  6     20 18 17 19     18 10 18 18      7 21 17 10     20 11 10 21     15 17  8 11     11 11 10  8     17 16 22 11      6 12 15 16      9 21 14 12     15  7 19 21     20 13  7  7      7 21  9 18      1  0  2 21 
  3 19  4  0     17 22  7 19     16 11  7 22     17 22 21 11     18 19  6 22     17 10  6 19     10  6  8 10      8  8 22  6     10 11 16  8     22 21 22 11     15 18 20 21     14  8  8 18     19 21 21  8      7 20 13 21      9 14 18 20      2  0  2 14 
  4 16  1  0      7 12 10 16      7  9 20 12     21 21  8  9      6 14 20 21      6 19 16 21     14 15 18 19     22 13 18 15     16  6 19 13     22 21  9  6     20 18 20 21      8 20 10 18      7 17 15  7     15 13 16 17     18 13 13 13      2  0  4 13 
  1 19  4  0     10 12 19 19    20  9 21 12     8 18 19  9     20  7 11 18     16 10 22  7     18 13 19 10     18 21 15 13     19 10 20 21      9  7 20 10     20  7 12 22     10 15 17  7     15 17 14 15    16 21 15 17     9 16 14 21      4  0  5 16 
  4 13  3  0     19 12 16 13     11 18 11 17     19  7 20 18     11  6  7  7     22 16 13  6     19  9 14 16     15 17 18  9     20  9 19 17     20 14 20  9     12 12  8 14     17 12  7 12     14 13 15 12     15 11 18 13     14 20 15 11      5  0  3 20 
  3  2  0  0     16  4  0  2     11  5  0  4     20  5  0  5      7  2  0  5     13  5  0  2     14  4  0  5     18  4  0  4     19  4  0  4     20  4  0  4      8  1  0  4      7  2  0  1     15  2  0  2     18  1  0  2     15  2  0  1      3  0  0  2 
