  0  1  3  0      0  5 20  1      0  4 11  5      0  4 19  4      0  3 22  4      0  5 19  3      0  5 16  5      0  2 10  5      0  1  7  2      0  2 21  1      0  5 21  2      0  3 20  5      0  4 13  3      0  1 19  4      0  4 16  1      0  0  1  4 
  3 19  4  0      8 14 12 12     11 11 22 14     19  7  9 11     22 12 16  7     19 11  6 12     16 19 19 11     10 18 13 19      7 22 16 11     21 21 11 22     21  8  9 21     20 10 18  8     13  7 18 10     19 17 22  7     16 17 19 17      1  0  2 17 
  4 13  2  0     12 13 11 14    22 11 12 13     9 12 11 11     20  6 14 11      6 10 14  6     16  9 18 10     13 12 15  9     22  7 16 10     11 18 13  7      9 15 17 18     18 20 21 15     18 20 21 20    22 18 22 20    19 14 15 18      2  0  2 14 
  2 15  2  0     11 14 20 15     12  9 21 14     11  8  9  9     14 22 20  8     14 10 11 22     18 18 15  7     15  6 12 18     13  9 17 14     13 21  8  9     17 13 10 21     21 14 10 13     21 20 22 14     22 14 10 20     15 15 17 14      2  0  3 15 
  2 16  4  0     20  8 18 14     21 12 16 11      9 14 21 12     20 13 10 14     18 21 15 13     10 14 10 21     12 13  8 14     17 10 12 13      8 11 11 10     10 15 11 11     10 17 22 15     22 12 12 17     10  8  6 12     13 16 22  8      3  0  3  6 
  4 12  5  0     18 20 19 12     16 13 14 20     21 12 19 17     10 17 21 12     15 13 16 17     10 14 11 13      8 16 14 14     12 16  6 16     11  7 20 16     11  6  7  7     22 16 13  6     12 14 10 16      6 11 11 14     22 15 12  8      3  0  4 15 
  5  6  5  0     19 12 17  6     14 13 15 12     19 10 10 13     21 17 19 10     16 22 11 17     11 22 21 22     14  8 16 22      6 19  6  8      9  8 18 19      7  9 16 15     13 13 21  9     10 15  6 13     11 12 19 15     12 18 14 12      4  0  4 18 
  5 14  4  0     10 15 17  7     15 21 22 15     10 21 22 21      7 20 13 21     11 22 12 20     21  6 22 22     16  8  8  6      6 15 13  8     18 10 15 15     16  7 12 10     21 17 10  7     21 22 10 17     19 16 16 22     14 16 13 16      4  0  5 16 
  4  8  1  0     17  8 11  8     22 19  6  8     22 21  9  6     13 19 14 21     12 14 17  7     22 12 18 14     8  9  9 12    13 19  7  9     15  9 19 19     12  8 13  9     10 11 16  8     10 21 20 11      9 16 14 21     13 19 12 16      5  0  1 19 
  1 15  2  0     11 18 13 15      6 21  6 18      9 18  7 21     14 16 22 18     17 11 20 16     18 20  7 11      9 15  9  8      7 10 17 15     19 13 11 10     13 15  6 13     16 17 16 15     20 18  6 17     14  8  8 18      6  6  9  8      1  0  1  6 
  2 18  1  0     13 16 14 18      6 12 15 16      7 12 17 12     22 10 18 12     20  7 22 10      7 20 13  7      9 14 18 20     20 21  6 14     11 17 22 21      6 11 14 17     16  9 10 11      6  8 18  9      8 22  6  8      9  7  7 22      1  0  4 15 
  1  9  1  0     14 16 19  9     15  7  8 16     17 15  7  7     15 15  9 15     22 13 18 15     13 18 13 13     18 10 18 18      6  8 10 10     22 16 20  8     14 17  8 16     10  6 19 17     18 16 20  6      6 19 13 16     22 21 22 19      4  0  1 21 
  1  9  5  0     19 17 20  9      8  9 20 17      7 20 10  9      9 20 14 20     18 19  7 20     13 15  6 19     18  9 20  7     10 16 19  9     20 13 17 16      8 19 21 21     19 10 12 19     20 21 19 10     13 19 16 21     22  7 15 19      1  0  2  7 
  5  9  1  0     20 12  7  9    20  9 21 12    10  6 17  9     14 18 11  6      7 22 20 18      6 18  9 22     20 18 17 19     19  6 22 18     17 19 17  6     21 15  7 19     12 12 20 15     19 17 18 12    16 21 15 17    11  6 21 21      2  0  3  6 
  1 12  3  0      7  6  8 12     21  6 19 16     17  8 13  6     11  8 22  8     20  9 18  8      9 17  8  9     17 12 14 17     22 20  7 12     17  7 14 20      7 17 20  7      8 11 15 17     18 11 17 11     15 11 20 11     21  7 13 11      3  0  3  7 
  3  2  0  0      8  3  0  2     19  2  0  3     13  5  0  2     22  3  0  5     18  3  0  3      8  3  0  3     14  5  0  3      7  1  0  5     14  4  0  1     20  4  0  4     15  2  0  4     17  5  0  2     20  5  0  5      7  2  0  5      3  0  0  2 
