  0  1  4  0      0  1  9  1      0  5  9  1      0  5 16  5      0  4 12  5      0  1 21  4      0  2 17  1      0  3 19  2      0  2  8  3      0  2 14  2      0  5  7  2      0  5 20  5      0  1 19  5      0  4 16  1      0  3 19  4      0  0  1  3 
  4  8  1  0      9 21 21  8      9  6 22 21     16 12 16  6     12 17 22 12     21 12 10 17     17 12  7 12     19 17 21 12      8 11  8 17     14 20 15 11      7  7 22  9     20 13  7  7     19  7  9 13     15 19 22  7     19 15  9 19      1  0  4 15 
  1  9  5  0     21 13 19 14    22 11 12 13    16 19 19 11     17 18 12 19     10 15 15 18      7  7 17 15     21 17 10  7      8 18 14  8     20  9 18  8     22  6 18  9      7  7 11  6      9 20 12  7    22 18 22 20     9 20  7 18      4  0  4 20 
  5  7  1  0     19 13 11 10     12 15  9 13     19 21 21  8      9 13 13 21      6 17  8 13      9 10  6 17     10 13 19 10     14 20 16 13     18 17 19 20     20  9 19 17     11 19  7  9     12 17  6 19     22 15 10 17      7 19 21 15      4  0  4 19 
  1 15  2  0     11 18 13 15      9 15 17 18      6 13 13 15      8  6 15 13      8 18  9  6      6 17 20 18     19 17  6 17     16 17 19 17     19 10 21 17     21 17 13 10      7 12 14 17      6  8  6 19     10 11 16  8     21 22 11 22      4  0  3 22 
  2 18  1  0     13 16 14 18     20 13 17 16     13 18 13 13     15  7 18 18      9 16 15  7     20  8 22 16      6  6  9  8     19 16 21  6     13 19 12 16     13 16  6 19     14 16 13 16      6 12 15 16     16 11 21 12     11 22 14 11      3  0  5 22 
  1  6  1  0     14 11 20  6     17 11 18 11     13 10 14 11     18 13 19 10     15  6 19 13     22 16 13  6      9 18 10 16     21 15 13 18     12 14 13 15      6  6 10 14     13 10 15  6     15 17  7 10     21 22 10 17     14 10 20 22      5  0  2 10 
  1  7  2  0     20 18 19  7     18 18 10 18     14 22 12 18     19 22 21 22     19  6  8 22     13 10 14 20     10  6  8 10     17 15  7 10     13 16 17 15     10 22  7 16     16 11  7 22      7 20 16 11     10  9  7 20     17  8  9  9      2  0  4 13 
  2  7  1  0     14 20 17  7     10 18  8 20     12 22 10 18     21 10 21 22      8 11 11 10     14 12 13 11     8  9  9 12    10 16 19  9     17 16 15 16      7 22 12 16      7 19 17 22     16 21 13 19      7 13 11 21      9 17 14 13      4  0  1 19 
  1 14  4  0     17 17 12 14      8 16 14 17     14 21  9 16     21 11 22 21     11 10 15 11     13 21 14 10      9 18  7 21     19  9  8 18     15  9  8  9     12 11 11  9     17 22 21 11     13 18 15 22     11  6 14 18     14 20 21  6      1  0  5 20 
  4 15  3  0     12  8 22 15     14 12 13  8      9 21 14 12     22 15 15 21     15  9 15 15     14 16 19  9      8 16 22 14      8  8  6 16      8 22  6  8     22 21  6 22     21 11  6 21     15 17  8 11     10  6 19 17     21  6 18  6      5  0  5  6 
  3  8  3  0     22  8 11  8     13 16 22  8     14 14  8 16     15 15 17 14      6 12 18 15     19 19 10 12     22 19 16 16      6 22 18 19     20  7 12 22      7 17 20  7      6 11 14 17      8 12  7  6     19 11  6 12     18 20  7 11      5  0  3 20 
  3  6  3  0     11 11 14  6     22 12 20 11      8 14 12 12     17  8  9 20     18 14 20  8     10 11 22 14     16 15  7  8     18 19 14 15     12 18 20 19     20  9 14 18     14 21 12  9      7 20 13 21      6 18 16 20      7 22 20 18      3  0  5 19 
  3 18  3  0     14 12 12 18    20  9 21 12    12  8 13  9      9  9 11  8     20 14 20  9     22 20  8 14      7 22 10 20     14 21 20 22     20 18 20 21     14 16 22 18     12 14 10 16     13 17 10 12    16 21 15 17    20 11 10 21      5  0  4 11 
  3  6  2  0     12 10  8  6     21 10 14 10     13  7 18 10     11 18 13  7     20 21 15 18      8  9 13 21     10 11 16  9     20 11 15 11     20 16 17 11     22 11 17 16     12 19 15 11     10 20 21 19     15 12 12 20     10 16  7 12      4  0  2 16 
  2  3  0  0     14  5  0  3     14  4  0  5     18  4  0  4     13  3  0  4     15  2  0  3     13  5  0  2     16  4  0  5     15  2  0  4     17  5  0  2     21  2  0  5     15  2  0  2     21  1  0  2     12  3  0  1      7  3  0  3      2  0  0  3 
