  0  1  4  0      0  4 16  1      0  1 21  4      0  1  6  1      0  2 17  1      0  1  7  2      0  5  7  1      0  5  6  5      0  3 14  5      0  2  8  3      0  5 21  2      0  4 11  5      0  5 16  4      0  3 20  5      0  3  6  3      0  0  2  3 
  4 18  4  0     16 22 14  8     21  6 22 22      6 10 14  6     17 15  7 10      7  9 16 15      7  9 11 19      6 22 21  9     14 21 20 22      8 22  6  8     21 22 11 22     11 17 16 22     16 14 14  8     20  8 22 16      6 15 13  8      2  0  2 15 
  4 12  5  0     14 13 15 12    22 11 12 13    14 17  6 11     14 20  9 20     16 11  7 20     11 10 15 11     17 22 15 10     20  7 12 22      6  8 12  7     11 15 17  8     16  6 12 15     14 20 17  7    22 18 22 20    13 13 13 18      2  0  4 13 
  5  7  2  0     18 18 15  7     12 19 17 18      6  8 22 19      9 13 21  8      7  7 20 13      7 17 20  7     15  7  7 17     12 14 17  7     12 12  8 14     17 22 12 12     12 16  7 22     17 11 20 16     22 21 21 11     13 19 16 21      4  0  1 19 
  2 13  5  0     15  6 13 13     17 19 17  6     22  7 15 19     21 17 10  7     20 18  6 17     20  7 22 10      7 11  6  7     17 16 17 19     16 22 19 16      6 18  9 22      7 21  9 18     20 11 10 21     21  7 13 11     16 14 18 13      1  0  5  9 
  5 16  5  0     13 19 12 16     17 20  9 19     15 11 14 20     10  8 11 11      6 16  8  8     22 18 14 16      6 21  6 18     17 19 10 21     19 10 12 19      9  7 20 10      9 13 19  7     10 14 20 13     13  9 17 14     18 10 16  9      5  0  2 10 
  5 22  3  0     12 20 11 22     15  9 13 12     14 18 20  9     11 17 11 18      8  6  6  9     14 11 20  6      6 21 21 11     10 21 22 21     12 16 11 21     20  6 18 16     19 13 16  6     20 13 21  7     17 16 20 13     19 19 11 16      2  0  3 19 
  3 15  2  0     11 12 19 15     13 11 14 12     20 11 15 11     11  9 12 11      6  8 18  9     20  9 18  8     21 21  8  9      9 17  8  9     11 11 14  6     18 13  7 11     16 17 15 13     21 22 10 17     20  8 14 22     11  8 22  8      3  0  3  8 
  2  7  1  0     19 21 15  7     14 10 13 21     15  6 13 10     12 18 15  6     18 10 18 18     16 12 14 10     8  9  9 12     8  9 15  9     14 16 19  9      7 22 16 11     15 12  8 22     10 16  7 12     14 17  8 16     22  7 19 17      3  0  3  7 
  1 15  2  0     15 18 10 15     13 15 11 18     13 18 21 15     15 22 13 18     18 19  6 22     14 21 13 19      9 16 14 21     15  7  8 16      7 22  9  7     16 13  6 22     14 20 16 13      7 11 18 20      8  9  9 11     19 19 15  9      3  0  5 19 
  2 18  1  0     10 13  7 18     11 10 19 13     21 10 14 10     13 19 10 10      6  8  6 19     13  9 12  8     14 21 12  9      8 19 21 21      9  8 18 19      6 12 10  8     16  6 16 12     18 12 22 10      9 10  6 17     21 17 13 10      5  0  2 17 
  1 19  5  0      7 20 18 19     19 12 18 20     14 17 17 12     10 11 16  8      6 14 18 11     12 12 18 14     12 20 15 12     21 20 18 20     18 17 19 20     14 10 20 22     16 19  9 10     22 21 22 19      6 19 16 21     13 15  6 19      2  0  4 15 
  5 20  5  0     18  7 22 20     18  9 20  7     17  7 10 15     16 10 22  7     18  8 20 10     18 14  8  8     15 15 17 14     18 19 14 15     17 10  6 19     20 12  7  9      9 21 14 12     22 15 15 21     16 17 16 15      6 19 12 17      4  0  4 19 
  5 14  4  0     22 12 18 14    20  9 21 12    10 11 16  9     22 14 10 11     20  8 18 14      8 13 16 22     17 10 12 13     14 11 13 10      6 12 19 11      7 12 17 12     14 11 11 22      8 17  8 11    16 21 15 17    12 19 17 21      4  0  3 19 
  4 15  3  0     18 20 21 15     21  6 14 20     17  8 13  6     10 10  6  8     18 13 19 10     16 14 16 13     12 13  8 14     13 21  9 13     19 10 20 21     17 21 12 10     11 17 22 21      8  9 20 17     15 15 15  9     17 18  9 15      3  0  3 18 
  3  2  0  0     21  1  0  2     14  4  0  1     13  3  0  4      6  2  0  3     14  2  0  2     16  4  0  2      8  1  0  4      9  5  0  1     20  1  0  5     12  3  0  1     22  4  0  3     20  4  0  4     15  1  0  4      9  1  0  1      3  0  0  1 
