 0  3  2  0     0  5 22  3      0  4 11  5      0  1 21  4      0  5  9  1      0  5 16  5      0  5  6  5      0  3 14  5      0  4 15  3      0  4 19  4      0  5 14  4      0  2 10  5      0  4 15  2      0  3 19  4      0  3  8  3      0  0  1  3 
  2  8  3  0     22 16 20  8     11  7 22 16     21  9 18  7      9 11  8  9     16  8 10 11      6 19  6  8     14 21 13 19     15 18 20 21     19  7 20 18     19  6  8 22     10 14  6  6     15 18 19 14     19  6 22 18      8 18  9  6      1  0  2 18 
  3  7  3  0     20 13 21  7    22 11 12 13    18 13  7 11      8 14 12 13     10 13 21 14      6 17  8 13     13 10 21 17     20 21 19 10     20 11 10 21      8 17  8 11      6 17 19 17     19 20 18 17    22 18 22 20     9 15 17 18      2  0  3 15 
  3  6  2  0     21 21 11  6     12  9 14 21      7 20 10  9     12  7  9 20     21 22 10 17      8 11  8 22     21 12 16 11     19 15 11 12     10 17 22 15      8  9  9 17     19 19 15  9     18 18 15  7     22 12 12 17     17  6 19 12      3  0  3  6 
  2  7  1  0     11  6  7  7     14 18 11  6     10 15 15 18      9 13 12 15      9 12  8 13      8 14 12 12     16 22 18 14     11 17 16 22     22 21 22 19      9  6 22 21     15 13  8  6     15 11 18 13     12 20 15 12     19 12 18 20      3  0  1 12 
  1 15  2  0      7  8 16 15     11 15 17  8     15 21 22 15      8  9 21 21      8  9 15  9     12 18 14 22     18 10 18 18     16  9 18 10     22  7 19 17     22  9  7  7      8 18 19  9     13 13 13 18     15  6 13 13     18 16 20  6      1  0  4 16 
  2 15  2  0     17 14 15 15     17  6 11 14     22 22 21  6     21 11 17 22     15 11 20 11     14 20 15 11     18  6 17 20     12 18 15  6     19  9 14 16      7 21 17 10     19  9 10 16     13 19  7  9     13 11 10 19     20 16 17 11      4  0  2 16 
  2 17  1  0     15  7 10 17     12 14 17  7     21 20 22 14     17  7 14 20     20 13  7  7     15  6 19 13     12 10  8  6     15 22 13 18     14 10 11 22     17 21 12 10     10 21 22 21      7 13 11 21     10 15  6 13     17  7 10 15      2  0  1  7 
  1 19  5  0     10 12 19 19     17 12  7 12     22 20  7 12     14 13  9 17      7 18 10 13     19 12 16 13     8  9  9 12    13 21  8  9     11 22 21 21     12 16  7 22     22 19 16 16     13 16  6 19      6 16 12 16     10  6 17  9      1  0  1  6 
  5 19  3  0     19 11 16 19      7 20 16 11      7  7 17 20      9 11 19  7     10 15 11 11     16  6 12 15      9  8  6  6      8 18 14  8     21 15 13 18      7 19 21 15     16 21  6 19      6 18  6 21     12 19 17 18     17 20  9 19      1  0  5 20 
  3 20  5  0     16 13 14 20     16 17 15 13     17 12 14 17     19 11  6 12     11 22 14 11     12 20 11 22      6 14 20 21     14  8 16 14     13 16 22  8     21 13 19 16      6 22 16 13      6 18  9 22     17 11 18 11      9 12 11 11      5  0  4 12 
  5 16  4  0     14 17  8 16     15  7  7 17     14 10 16 12      6  8 10 10     14 22 20  8     11 11 10  8     20  6 14 11     16  8  8  6     22  6  8  8     19 17 10  6     16 20 13 17      9 14 18 20     18 13 16 14     11 14 12 13      4  0  1 14 
  4 20  4  0      8 18 14 20      7 22 20 18      8  9 20 17     10 14 11 13     20  9 20 14     10 11 16  9     14  6 11 11      8 12  7  6      8 22 15 12     10 20  7 22     13 10 14 20     18 13 19 10     16 14 16 13     12  9 21 14      1  0  1  9 
  4 18  4  0     14 12 12 18    20  9 21 12    20  7 18  9     11 18 20  7     20 21 20 18     16 22 14  8     11 22 21 22      7 16 10 22     15 16 17 16      7 12 10 16     19 17 21 12     19 17 16 17    16 21 15 17    21  8 19 21      1  0  4  8 
  4 15  1  0     12 14 13 15     21  9 16 14     18  8 20  9     20 10 18  8     20 22 14 10     14 10 21 10     21 17 19 10     10 12 13 17     22 10 18 12     10 13 19 10     21  9 13 13     16 15  7  9     15 15  9 15     19 22  7 15      4  0  3 22 
  1  4  0  0     13  2  0  4     17  5  0  2     20  5  0  5     21  2  0  5     14  2  0  2     21  1  0  2     19  4  0  1     13  3  0  4     18  3  0  3     19  2  0  3     13  5  0  2      7  1  0  5      9  5  0  1      7  2  0  5      3  0  0  2 
