  0  1  4  0      0  2 18  1      0  4 15  2      0  5 16  4      0  5 20  5      0  1 19  5      0  1  6  1      0  4 15  1      0  4 20  4      0  4 19  4      0  4 18  4      0  2 16  4      0  5 21  2      0  2 17  5      0  3 15  2      0  0  2  3 
  4 11  5  0     19  7  9 11     15 19 22  7     16 16 22 19     20  6 18 16     19 15 11 12      6 12 18 15     15 16  6 12     20 13 17 16     19 12 16 13     18 14 22 12     16 22 18 14     21 10 21 22     17 21 22 10     15  7 19 21      2  0  1  7 
  5  7  1  0      9 13 19  7    22 11 12 13    22 12 20 11     18 14 12 12     11 20  6 14     18 17 19 20      6 17 19 17     17 12 14 17     16  7 22 12     17 20  7  7      8 14 22 20     21 20 22 14    22 18 22 20    19  9  8 18      1  0  1  9 
  1 12  3  0     19 19 10 12     12 18 20 19     20  9 14 18     12  8 13  9      6  6  9  8     19 13 16  6     19 10 10 13     14 10 21 10      9  7 20 10      7 17 15  7     22  7 19 17     22 20 18  7     22 14 10 20      8 16 22 14      1  0  4 16 
  3  8  3  0     10 11 16  8     20 11 15 11     14  6 11 11     13 13 15  6      9 17 14 13     16 17 19 17     10  6 19 17     21  6 18  6     20 17  7 14     15  7 10 17     19 10 18 13     18 18 18 10     10 16  9 18     19 19 11 16      4  0  3 19 
  3 14  5  0     16 19  9 14     15  9 19 19     13 13 21  9     15 12 14 13     14 21 13 19     19 10 20 21     19 13 11 10     18 12 19 17      7  9 20 12     10 11 16  9     18 13  7 11     18 21 15 13     12 16 11 21     11  7 22 16      3  0  3  7 
  5  9  1  0      9 17  8  9     14 15 15 17      7 18 18 15     14 20  8 18     13 21  7 20     20 18 20 21     11  6 14 18      8 12  7  6     20 15 12 12     16 17 16 15      7 10 15 17     15  9  8  9     11  8  9  9     22 15 10 17      3  0  4 15 
  1 14  4  0      8 16 14 14     15  7  9 16     18 10 13  7      8  6 12 10      7  7 11  6     20 18 19  7     14  8  8 18      7 12 14 17     12 17 22 12     16 22 11 17     15 15 21 22     17 18  9 15     20 21 15 18     10 22  7 16      4  0  3 22 
  4 13  3  0     14 20 16 13      9 20 14 20     13 10 14 20     12 13 17 10     11  6 12 19     19 12 17  6     8  9  9 12    14 21 12  9     22 21 11 17     11 22 21 21     21 22 19 22     14 10 11 22     15  6 13 10      7 22  9  7      3  0  5 22 
  3 19  2  0     16 21  6 19     14 12  9 21     14 10 16 12     17 21 12 10     12 19 17 21     17 20  9 19      9 18  8 20     12 22 10 18     11 22 21 22     21  6 22 22     19 13 15  6      6 22 16 13     13 18 15 22      9  6  8 18      5  0  5  6 
  2  8  3  0      6 15 13  8      9 15 15 15     13 16 17 15     12 16  6 16     17 11 20 16      9 12 11 11      8 22 15 12     10 20  7 22     21  6 14 20     22 18 19  6      9 22  6 18     16 20  8 22     15 17  8 11      8  9 20 17      5  0  1  9 
  3 18  3  0     13 13 13 18     15 11 18 13     17 11 18 11      6 21 21 11     20 11 10 21     11 10 15 11     15 15 18 10      7  8 16 15     14 12 13  8     19  6  8 22      6 10 14  6      8 11 11 10      8 22  8 11     20  7 12 22      1  0  2  7 
  3 20  5  0     13  7  7 20     18  9 20  7     18  7 21  9     21 17 10  7      8 11  8 17      7 20 16 11     18  6 17 20     16  8  8  6     13  6 17  8      8 10 10  6     14 11 13 10     11 22 14 11      8 13 16 22     12 15  9 13      2  0  2 15 
  5 16  5  0      7 12 10 16    20  9 21 12    21 21  8  9     10 21 17 13      8  9 13 21     16 14 21  9     17  6 11 14      8  6 19  6     17  9 10  6     10 16 19  9     13 16 14 16     14 17  8 16    16 21 15 17     9  6 22 21      2  0  3  6 
  5 19  3  0     10 21 17 19     21  8 19 21     14 12 12  8     17 12  7 12     13 11 14 12     21  7 13 11     11 18 20  7     19 14 15 18     10 13 21 14     19 16 21 13     14 18 13 16      8 20 10 18     15 11 14 20     22  6  8  8      3  0  3  6 
  3  2  0  0     17  1  0  2     19  4  0  1     12  5  0  4      7  2  0  5     14  2  0  2     13  5  0  2     20  1  0  5     15  2  0  1     21  1  0  2     21  4  0  1     13  2  0  4     10  5  0  2     14  4  0  5      8  1  0  4      3  0  0  1 
