  0  2  3  0      0  4 15  2      0  1 14  4      0  2 17  1      0  5  7  2      0  2 10  5      0  3  6  2      0  3 18  3      0  5 19  3      0  2 13  5      0  2 15  2      0  3 15  2      0  2  8  3      0  5 21  2      0  2 17  5      0  0  3  2 
  3 14  5  0     15 18 19 14     14 16 22 18     17 16 15 16      7 22 12 16     10 17 21 22      6 17 19 17     18  9 15 17     19 17 20  9     13 17 10 12     15 13 16 17     15  6 13 13      8 22 19  6     21  6 22 22     17  8 13  6      3  0  3  8 
  5  6  5  0     19 13 15  6    22 11 12 13    15 17  8 11     12 14 17 17     21 12  9 14     19 17 18 12     15  7  7 17     20 18 19  7     10 18 18 18     16 20  6 18     13 17 16 20     19 20 18 17    22 18 22 20    13 15 11 18      3  0  4 15 
  5 20  1  0     15 11 14 20     12 11 11  9      8  9  9 11     17  8  9  9      9 13 21  8     18 15 22 13      7 18 18 15     19  9  8 18     18  7 21  9      6  8 12  7     16 15  7  8     18 20 21 15     22 14 10 20     11 20  6 14      4  0  4 20 
  1  6  1  0     14 20 21  6     11 22 12 20      9  7  7 22      9 20 12  7     21 19 10 20     22 11 17 16     18 11 17 11      8 17  8 11     21 12 10 17     12  8 14 12      8 22  6  8     21 11 17 22     10 21 20 11      6 19 16 21      4  0  3 19 
  1  9  5  0     21 14 12  9     12 13 11 14      7  7 20 13     12 17 12  7     10  7 21 17     17 20  7  7     17  8  9 20      8  6 16  8     10 14  6  6     14  8 16 14      6 15 13  8     17 14 15 15     20  8 18 14     16 22 14  8      3  0  5 22 
  5  7  1  0     12 22 20  7     11 14  6 11     20 13 10 14      6 22 16 13      8 13 16 22      7 18 10 13      9 22  6 18     20  8 14 22      6 12 10  8     16  6 16 12     13 10 15  6     15 11 11 10     18 13  7 11     14 20 16 13      5  0  5 20 
  1  7  2  0     20 16 11  7      6 19 13 16     10 10 13 19     16 20  8 22     16 17 11 20     10  6 19 17      6  9  8  6     16 15  7  9     10 17 22 15     16 10 22  7     15 15 18 10     11 20 11 15      7 22 10 20     16 11  7 22      5  0  4 11 
  2  7  1  0      9 11 19  7     22 14 11 11     17  6 11 14      8 18  9  6     11  6 14 18     19 12 17  6     8  9  9 12     7 20 10  9      9 20 14 20     22 14 21 20     18 13 16 14     11 21  7 13     10 14 10 21      7 22 20 18      4  0  3 22 
  1 19  4  0     19 11 16 19     11 10  8 11     11 16  8 10      9 18 10 16     14 12 12 18     18 20 19 12      9 14 18 20     10 16 12 14     14 21  9 16     21 11  6 21     21 21  8 19      7 20 13 21     10 18  8 20     20  7 11 18      3  0  3  7 
  4 13  2  0     13 21  9 13      8  9 21 21      8  9 15  9     10  6 17  9     12 18 15  6     19  6 22 18     18  6 21  6     12 19 11  6      9 10 16 19      6  8 10 10      8 18 14  8     13 13 13 18      8 14 12 13     11 13 10 14      3  0  4 13 
  2 18  1  0      9 20  7 18     21 20 18 20     15 16  6 12     17 19 17 16     15 11 12 19     22 14 10 11     21 13 19 14     11 10 19 13     22 15 12  8     12 12 20 15     14 17  7 12     13 10 21 17     12 19 19 10     10 18 13 19      4  0  4 18 
  1 19  5  0      7  9 13 19     18  8 20  9      6 19  6  8     17 22  7 19     12 12 17 22     10 16  7 12     19 12 16 13     19 17 21 12     12 18 14 22     21 15 13 18      7 10 17 15     21 22 21 10     19 16 16 22     13 16 14 16      4  0  2 16 
  5  9  1  0     13 12 15  9    20  9 21 12     6 22 21  9      7 15 19 22     17  7 10 15      7 11  6  7      8 22  8 11     21 21 11 22     14 10 13 21     13  9 12  8     17 14 13  9     20 17  7 14    16 21 15 17    17 19 10 21      2  0  3 19 
  1  9  1  0     15 15 15  9     21 22 15 15     21 22 11 22     19 22 21 22     10 18 12 22      6 17 20 18      8 16 14 17     11 21 12 16     13 19 16 21      9 14 16 19     13 15 12 14      7 19 21 15     15  9 19 19     10 11 16  9      3  0  3  6 
  1  4  0  0     15  1  0  4     15  2  0  1     14  2  0  2     21  1  0  2     12  3  0  1     20  5  0  3     14  4  0  5     12  5  0  4     16  5  0  5     16  4  0  5      8  1  0  4     21  4  0  1     19  4  0  4     16  1  0  4      3  0  0  1 
