  0  3  2  0      0  3  8  3      0  3 18  3      0  2  8  3      0  3  6  2      0  5 22  3      0  2 13  5      0  2 14  2      0  4 13  2      0  5 16  4      0  3 14  5      0  1 12  3      0  2  7  1      0  3 15  2      0  3  6  3      0  0  1  3 
  2 17  5  0      8 13  6 17     18 15 22 13      8  8 22  6      6 16  8  8     22  8 13 16     13  9 12  8     14 21 12  9     13 19 16 21     16 16 22 19     14 16 13 16     12 14 10 16      8 16 14 14     13  6 22 16      6  9  8  6      1  0  5  9 
  5  7  1  0      6 13 10 15    22 11 12 13    22 12 20 11      8 22 15 12     16 20  8 22     12  7  9 20     12 14 17  7     22 21 22 19     22 10 17 21     13 21 14 10     21 11  6 21     14 20 15 11    22 18 22 20     8 20 10 18      5  0  5 20 
  1  9  5  0     10 19 13 11     12 17  6 19     20 18  6 17     15  6 12 18      8  6 19  6      9  6 22 21     17 19 17  6     22  7 15 19     17 11 20 16     14 17  6 11     15 13 16 17     15 11 18 13     22 14 11 11     10 11 22 14      5  0  4 11 
  5 14  4  0     13 15 12 14      6 19 13 15      6  8 22 19     12  7  6  8     19 17 22  7     22 15 10 17     17 18  9 15     15  7 18 18     20 16 11  7      6 12 15 16     16 11 21 12     17  7 10 15     11  6  7  7     22 18 19  6      4  0  4 18 
  4 12  5  0     12 20 15 12     13 21  7 20     22 11 22 21      6 14 18 11     22 12 18 14     10  8  6 12      9 15  9  8     18 20 21 15     11 15 11 20     15  9 15 15     21 14 12  9     10 14  6  6      7 16 10 22     19 19 11 16      4  0  3 19 
  5 16  5  0     15  7  8 16      7 17 20  7     22 14  8 16     18 13 16 14     18 21 15 13      6 18  6 21      9  6  8 18     17  9 10  6     11 19  7  9     21 21  8 19     12 10 17 21      6 19 17 10     10 21 17 19      6 15 13  8      3  0  4 15 
  5  6  5  0      8 10 10  6     20 21 19 10      8  9 13 21     16 15  7  9     15 21 22 15      9 18  7 21      8 22  8 11     10 20  7 22      7 11 18 20     18 13  7 11     17 10 12 13     18 13 19 10     17 16 20 13     13 14 20 16      4  0  1 14 
  5 19  3  0     10 18 12 22     10 13  7 18     13 15  6 13      7  7 20 13     22 12 16  7      7 12 17 12     8  9  9 12     7 20 10  9     18 20 21 20      7 18  9 20     12 19 17 18     19 10 12 19     20 22 14 10     20 18  7 22      1  0  2 18 
  3  7  3  0     12 10 16  7      7 21 17 10      6 14 20 21     20  9 19 17     16 14 21  9     17  8 16 14      9 21 21  8     10 14 10 21     21 13 19 14      9 17 14 13     17 12 14 17     12 17 22 12     16 15 16 17      7  7 17 15      2  0  1  7 
  3 22  4  0     16 11  7 22     17 11 18 11     20  6 14 11     19 14 15 18     21 20 22 14     16 13 19 12     21  9 13 13     10 16 19  9     19  9 14 16     14 18 20  9     14 16 22 18     22 11 17 16     16  9 10 11     17  8  9  9      1  0  4 15 
  4 15  2  0      7 10 17 15     18 18 18 10     14 12 12 18     15  9 13 12     22  6 18  9     19 13 16  6     13 13 18 13     19  7  9 13     14 20 17  7     20 14 20  9     22 20  8 14     17  8  9 20     10 11 16  8      9 19 19 15      4  0  4 19 
  2 21  1  0     17  8 11 15     18 14 20  8     12 12  8 14     13 11 14 12     13 10 14 11     16  9 18 10     18  8 20  9      9  9 11  8     21 21 11 22     20 11 10 21      8 11 11 10      9 12 11 11     16  6 16 12     19 16 21  6      4  0  2 16 
  1 15  2  0     11 12 19 15    20  9 21 12     8 18 19  9     14  8  8 18     14 12 13  8     18 20 19 12     20  6 18 16     11 11 14  6     11 10 15 11     10 13 19 10     11 21  7 13     11 17 22 21    16 21 15 17    10 21 22 21      2  0  5 21 
  2 17  1  0     19 17 16 17     21 12 19 17     19 11  6 12      8 17  8 11     13 10 21 17     14 20 13 10     18 17 19 20     14 15 15 17     15 18 10 15     19  7 20 18      7 22  9  7     22 21  6 22     15  7 19 21     22 20  7 12      5  0  3 20 
  1  4  0  0     16  1  0  4     19  4  0  1     20  4  0  4      8  1  0  4     21  4  0  1     13  3  0  4     19  2  0  3     15  2  0  2     10  5  0  2     20  1  0  5      9  1  0  1      6  1  0  1     19  5  0  1      7  2  0  5      3  0  0  2 
