  0  3  2  0      0  5 22  3      0  4 12  5      0  4 18  4      0  5 16  4      0  3 14  5      0  3 18  3      0  3  8  3      0  1 12  3      0  1  9  1      0  5 20  1      0  3 20  5      0  4 13  3      0  4 19  4      0  3 22  4      0  0  1  3 
  2 17  5  0     16 15 16 17     12  8 22 15     18  9  6  8     20 14 20  9     14 12 13  8     18 14 22 12      8 16 14 14     12 16  6 16      9 10 11 16     20 21 19 10     20 22 14 21     13 18 15 22     19  6 22 18     22 16 13  6      1  0  4 16 
  5 20  5  0     16 13 14 20    22 11 12 13     6  7  7 11     20 13  7  7     13 21  9 13     21  8  9 21     14 12 12  8      6 19 13 15     11 16 19 19     19  9 10 16     14 18 20  9      8 20  9 18    22 18 22 20    13 19 10 18      4  0  5 14 
  5  6  5  0     14 11 20  6     12 19 15 11      7  9 11 19      7 20 10  9      9 19 19 15      9 14 16 19     12 12 18 14      7 12 17 12     19 19 10 12     10 21 17 19     20 18 20 21      9 22  6 18     22 12 16  7     10 16  7 12      5  0  5 16 
  5  9  1  0     20 17  8  9     15 13 16 17     11 21  7 13     10 21 22 21     19 17  6 17     16 22 11 17     18 14 16 22     12 13 11 14     10 14 20 13     17  8 16 14     20 11 10 21      6 14 18 11     16 17 11 20      6 19 12 17      5  0  1 19 
  1 14  4  0      8  6 15 13     16 15  7  9      7 19 21 15     22 21 22 19      6 14 20 21     11 13 10 14     16  6 19 13     11 22 12 20     20 18  7 22     16 20  6 18     10 18  8 20     18 15  7 18     11 20 11 15     12  7  9 20      1  0  2  7 
  4 13  2  0     15 11 18 13      7 22 16 11     21 11 17 22     22 14 10 11     20 17  7 14     10  6 19 17     19  6  8  6     12 18 15  6      7 21  9 18      6 22 22 21      8 18 14 20      7 17 20  7     11 18 11 17      9 15 17 18      2  0  4 15 
  2 15  2  0     18 10 15 15     16  9 18 10     17 14 13  9     10 20 22 14      7 12 22 20     19 17 18 12      8 11  8 17     15  6 13 13      9  8  6  6     22 16 20  8     14 18 13 16     20 19 12 18     11  6 12 19     17 20 18  6      4  0  4 20 
  2 14  2  0     15 15 17 14     18 20 21 15      9 19 17 20     22  7 15 19     22 10 20  7     18 12 22 10     8  9  9 12    13 21  8  9      6 19 16 21     20 18 17 19     13  7 11 18     12  9 14 21     12  8 13  9     18 19  9  8      4  0  1 19 
  2 21  1  0     17 13 10 21     21 14 10 13     17 17 12 14     15  7 10 17     20 16 11  7     22  8 13 16      9  9 17  8      8  9 15  9     16 14 21  9     17  6 11 14     11 11 14  6     14 20 15 11     13 21  7 20      9  6 22 21      1  0  1  6 
  1 15  2  0     10 17 22 15     10  7 21 17     12 14 17  7     10 16 12 14     11 21 12 16     13 19 16 21     17 22  7 19      6  8  8 22     21 22 10 17     11 22 21 22     14 11 11 22     15 17  8 11      7 10 15 17     22  7 16 10      1  0  5  7 
  2 16  4  0     22 14  8 16     21 13 19 14     17 15  7  7     12 12 20 15     12 17 22 12     16 20 13 17      7 18  9 20     19 14 15 18     10 21 10 14     21 11  6 21     11 10  8 11      8  6 12 10      8 12  7  6     16 13 19 12      5  0  2 13 
  4  8  1  0      8 18 14  8     19  7 20 18      7 22  9  7     20  8 14 22     22 19  6  8     13 11 10 19      9 12 11 11     22 19 16 16     10 10 13 19      6  8 10 10      8  6 16  8     12 15 16  6      7  8 16 15     19 21 21  8      2  0  5 21 
  1 21  4  0     14 12  9 21    20  9 21 12     9 11  8  9     14 13 15 12     13 13 18 13     10 15  6 13     11 11 10 15     16  8 10 11     13  6 17  8     10 14  6  6     16 13 16 14     10 17 21 12    16 21 15 17    21 11 22 21      5  0  4 11 
  4 15  1  0      9 15 15 15     21 22 15 15      8 11  8 22     18 20  7 11     18 21 15 13      6 18  6 21     10 18 18 18     10 13  7 18     17 10 12 13      6 17  9 10     16 17 19 17     21 12 19 17     15  9 13 12     13 19  7  9      4  0  3 19 
  1  4  0  0     15  3  0  4     15  2  0  3      8  3  0  2      7  3  0  3      6  3  0  3      6  2  0  3     18  1  0  2      7  2  0  1     17  1  0  2      9  5  0  1     19  3  0  5     19  2  0  3     10  5  0  2      7  2  0  5      3  0  0  2 
