  0  1  4  0      0  5  7  1      0  2 10  5      0  5 21  2      0  2 13  5      0  3 19  2      0  3  7  3      0  4 13  3      0  4 19  4      0  4 18  4      0  5 16  4      0  5 20  5      0  5 16  5      0  3 20  5      0  3  6  3      0  0  2  3 
  4 20  4  0      7 11 18 20     10 17 22 15     21 22 10 17     13 18 15 22     19  9  8 18      7  9 13 19     13 13 21  9     19 10 10 13     18 12 22 10     16 11 21 12     20 11 15 11     16  8 10 11     20  8 22 16      6  6  9  8      2  0  3  6 
  4 13  2  0     18 13 13 13    22 11 12 13    10 15 11 11     15 18 10 15      8 20  9 18     13  7  7 20     21  9 18  7     10  6 17  9     22 22 21  6     21 22 19 22     15 12  8 22     18 20 19 12    22 18 22 20     9 15 17 18      3  0  4 15 
  2 16  4  0     13 16 14 16     12 16  6 16     11  7 20 16      6  8 12  7      9 20 17  8      7 22 10 20     18 14 16 22     17  8 16 14     18 14 20  8     19  6  8 22      8  6 19  6     19 12 17  6     22 21 10 21     17 19 10 21      4  0  3 19 
  4 16  1  0     17 11 20 16      6 12 19 11     20 11 22 12     12 19 15 11     17 16 17 19     10 10  6  8     16  7 12 10     16 14 21  9     20 15 11 14      6 13 13 15     19 16 21 13     19  9 10 16     10 11 16  9     10 19 13 11      3  0  5 19 
  1 19  4  0     20 18 17 19     19  7 20 18     22 16 11  7     15  7  9 16     15 21 22 15      6 14 20 21     12 13 11 14     21  8  9 13     11 11 10  8     13 10 14 11     21 17 13 10     10  6 19 17     16  8  8  6     13  6 17  8      5  0  5  6 
  4 15  2  0     17  8 11 15     20 10 18  8     11 22 14 10      9  7  7 22     10 17 15  7     12 14 17 17     11 20  6 14      9 20 14 20     10  9  7 20     14 16 19  9     21  6 19 16     19 10 18 13      8  6 12 10     17 19 17  6      5  0  1 19 
  2 15  2  0     11 18 13 15     18 15  7 18      9 15 15 15      7  7 17 15     15 19 22  7     17 22  7 19      6  8  8 22     14 22 20  8      7 16 10 22      9 18 10 16     19  6 22 18     18  6 21  6     12 15 16  6     17  7 10 15      1  0  2  7 
  2 21  1  0     13 19 14 21      7  9 11 19     15  9  8  9     17 14 13  9     22 12 18 14      7 12 17 12     8  9  9 12    20 21 19 10     10 14 10 21     10 16 12 14     22 19 16 16     21 15  7 19     16 17 16 15     10  7 21 17      2  0  1  7 
  1 21  4  0     14 10 13 21     11  6 14 18      8 18  9  6     13  7 11 18     18 10 13  7     17 21 12 10      9  6 22 21     19 13 16  6     10 14 20 13     12 12  8 14     16  7 22 12      7 17 20  7     16 20 13 17     21 15 18 20      1  0  4 15 
  4  8  1  0     13 16 22  8     14 18 13 16      9 22  6 18     11  8 17  8     13  9 12  8     12 11 11  9     22 21 22 11      8  9 21 21     20  7 18  9      7 11  6  7     22 21 21 11     20 12  7  9     13  8 14 12     18 14  8  8      4  0  5 14 
  1  6  1  0     22 16 13  6     13 14 20 16      6 11 11 14     17 11 18 11     12 19 19 10     11 16 19 19     22 11 17 16     21  7 13 11     18  6 17 20      6 10 14  6     21 20 11 10      7 12 22 20     14 17  7 12      8  9  9 17      5  0  1  9 
  1 15  2  0     13 18 21 15     20 21 20 18     11  6 21 21     19 13 15  6     19 12 16 13     19 17 18 12      7 14 20 17     13 15 12 14     17 14 15 15     14  8 16 14     11  8 22  8      6 15 13  8      7  8 16 15      9  9 11  8      1  0  1  9 
  2 17  5  0     21 12 19 17    20  9 21 12    21 14 12  9     15 18 19 14     16 20  6 18     18  7 22 20     20 13 21  7     12 15  9 13      6 13 10 15     16 17 15 13     22 12 12 17     13 17 10 12    16 21 15 17    11 17 22 21      1  0  2 17 
  5  9  1  0     19 19 15  9     21 21  8 19     12  9 14 21     19 17 20  9      6 11 14 17     22 14 11 11     21 20 22 14      9 14 18 20     10 20 22 14     15 12 12 20     12 18 14 12     10 18 18 18     15  6 12 18     22 14  8 16      2  0  2 14 
  1  3  0  0     15  2  0  3      8  3  0  2     14  5  0  3     20  1  0  5     14  4  0  1     11  5  0  4     22  3  0  5     18  3  0  3     22  4  0  3     12  5  0  4      7  2  0  5     18  1  0  2     12  3  0  1      8  3  0  3      2  0  0  3 
