 0  3  2  0     0  3  6  3      0  3  7  3      0  1 12  3      0  2  7  1      0  4 15  2      0  1 21  4      0  1  9  1      0  4 16  1      0  2 16  4      0  2 15  2      0  2 14  2      0  1 15  2      0  4 15  1      0  3 19  4      0  0  2  3 
  2 21  1  0      6 14 20 21      8 16 22 14     12 16  6 16      7 12 10 16     15 16  6 12     21 13 19 16      9 17 14 13     16 17 19 17     16 13 19 12     15 12 14 13     14 17 17 12     15  7  7 17     15 19 22  7     19 15  9 19      2  0  3 15 
  1  7  2  0     20 13 21  7    22 11 12 13     6  7  7 11     10 15 17  7      6 19 13 15     19 10 12 19     14  6  6 10     19  6  8  6     19 16 21  6     14 21  9 16     13 19 14 21      7 20 18 19    22 18 22 20     9 15 17 18      3  0  4 15 
  2 17  1  0     21 12 10 17     12  8 14 12     13 18 15 22     17 15  7 10     13 18 21 15     19 17 22  7      6 11 14 17      8 22  8 11     21 21 11 22      9 12  8 13     22 20  7 12     18 17 19 20     22 15 10 17     17 14 15 15      4  0  5 14 
  1  9  5  0     10  6 17  9     14 11 20  6     15 17  8 11      7 14 20 17      6 11 11 14     22 14 11 11     14  8 16 14      8 18 14  8     11  6 14 18      8 22 19  6      7 16 10 22     19 19 11 16     10 20 21 19     15 11 14 20      5  0  4 11 
  5 16  5  0     17 16 15 16     20  6 18 16     12 18 15  6     20 21 15 18     21 11  6 21     11 10 15 11     16  9 18 10     14 21 12  9     14 17  7 12     19 10 21 17     15  6 13 10     17 20 18  6     21 20 18 20     14 20  9 20      4  0  4 20 
  5 20  5  0     12  7  9 20     18  9 20  7      8  6  6  9     15 13  8  6      6 22 16 13     15 15 21 22     18 10 15 15     12 13 17 10      7 22 16 11     21  9  6 22     13 19  7  9     18  8 20  9     18 19  9  8      9 14 16 19      4  0  1 14 
  5  7  2  0      9 16 15  7     20 13 17 16      6 17  8 13      8 16 14 17     16 22 19 16     21 22 19 22     15 12  8 22     17 12  7 12     16  7 22 12      6  8 12  7      8  6 16  8     16 15  7  8      9 13 12 15     16  6 19 13      1  0  1  6 
  2 13  5  0     15 11 18 13     17 11 18 11      8  9  9 11     14 18 20  9     19  6 22 18     19 12 17  6     8  9  9 12     7 20 10  9     22 14 21 20     12 13  8 14     16 17 15 13      7 21  9 18     12 16 11 21     19  9 10 16      1  0  5  9 
  5  7  1  0     18 18 15  7     18 18 10 18      9 22  6 18     20  8 14 22     22 16 20  8     17 11 20 16      9 21 14 12     10 14 10 21     21 17 10  7      8  9  9 17     15 15 15  9      9  8  9 15      9 13 21  8     10 14 11 13      5  0  3 14 
  1 19  5  0     15 11 12 19     10 21 20 11      6 22 22 21     14 10 11 22     20  7 22 10     20 16 11  7     14 16 13 16     10 20 22 14     10 18  8 20      9  6  8 18     15  7 19 21      9 11 19  7     21  7 13 11     11 18 13  7      3  0  3 18 
  5 22  3  0     12 18 14 22     20 19 12 18     22 10 17 21     11 16  9 10     22 11 17 16     11 10  8 11     13 21 14 10     22 11 22 21      8 17  8 11      8  9 20 17     19 17 20  9     19 17  6 17     13 10 14 20     13 19 10 10      3  0  5 19 
  3 19  2  0     14 15 18 19     12 12 20 15     17 22 12 12      9  7  7 22     17 20  7  7      8 18 14 20     14 16 22 18     22  8 13 16      8 22  6  8     20 18  7 22     20 11 15 11      6 12 19 11     14 10 16 12     10  6  8 10      5  0  5  6 
  2 10  5  0     18 12 22 10    20  9 21 12    12 11 11  9      7 20 13  7      7 11 18 20     14 12 13 11     19 17 21 12     13 10 21 17     19 13 11 10      7 18 10 13     14 12 12 18     19 17 18 12    16 21 15 17     8 19 21 21      5  0  2 17 
  5 20  1  0     11 22 12 20     21 10 21 22     11 16  8 10     13 14 20 16     18 13 16 14     13 13 18 13     21  9 13 13     21 21  8  9     11 17 22 21     10  6 19 17     12 10  8  6     18 13 19 10     15  6 13 13     21  6 18  6      2  0  3  6 
  1  4  0  0     12  5  0  4     21  2  0  5      8  3  0  2     20  5  0  3     16  4  0  5     18  4  0  4     13  3  0  4      8  3  0  3     22  4  0  3     19  4  0  4      8  1  0  4     19  4  0  1     13  2  0  4     18  1  0  2      3  0  0  1 
