  0  1  3  0      0  2 21  1      0  5 21  2      0  4 11  5      0  1 19  4      0  5 20  1      0  2 13  5      0  1 15  2      0  4 15  1      0  1 14  4      0  2  7  1      0  5  7  2      0  1 19  5      0  5  7  1      0  4 12  5      0  0  1  4 
  3 22  4  0     21 22 11 22     21  6 22 22     11 11 22 14     19  7  9 11     20 16 11  7     13  6 22 16     15 13  8  6     15  6 19 13     14 18 11  6      7 22 20 18      7 16 10 22     19  9 14 16      7  7 22  9     12 22 20  7      1  0  5  9 
  4 13  3  0     11 13 10 14    22 11 12 13    22 12 20 11     14 10 16 12     11 21  7 13     22 10 17 21      8  6 12 10     19 16 21  6     11  7 22 16     20 18 19  7     10 13  7 18     14 20 16 13    22 18 22 20    20  7 11 18      5  0  3 20 
  3 19  4  0     10 12 19 19     12 18 14 12     20  9 14 18     16 15  7  9      7 19 21 15     17 16 17 19     12  7 12 17     21  9 18  7     22  6 18  9     19 17 10  6      7 14 20 17      8 16 14 14     22 14  8 16     11  8 17  8      3  0  3  8 
  4 18  4  0     19  6 22 18     14 11 20  6     14 20 15 11      7  7 17 20     21 17 10  7     17 10 12 13     12 13 11 14     18 15 22 13     18 10 15 15     10  6  8 10     20  8 14 22     14 12 13  8      8 14 12 12     17  6 11 14      3  0  3  6 
  4 19  4  0     22  7 15 19     20 13  7  7     15 11 18 13     17 11 18 11     10 15 11 11     12 12 20 15     11 11  9 12     22 14 10 11     22 12 18 14      8 22 15 12     14 21 20 22     13 19 16 21     12 16 13 19     19 19 11 16      3  0  5 19 
  4 20  4  0     15 15  9 15      7 10 17 15     18 18 18 10     16 20  6 18     17  8  9 20     20  9 18  8     11 22 21 21     10 20  7 22     18 17 19 20     15  7  7 17     18 18 15  7     16 17 15 13     13 10 21 17     11 16  9 10      5  0  5 16 
  4  8  1  0      9  9 17  8     17 22 12 12     18 14 16 22      6  6 10 14      9  8  6  6     18  9  6  8     21 21  8  9      7 20 13 21     19 12 18 20      7  9 20 12     15 17 18  9     11 20 16 17     21 19 10 20      9  8 18 19      5  0  2 10 
  1  9  5  0     17 14 13  9     12  9 21 14     16 22 19 16     10 16  7 12      6 16 12 16      6 12 15 16     8  9  9 12    13 19  7  9     15 11 12 19     20 11 15 11     18 13  7 11     16 14 18 13     10 13 21 14     18 13 13 13      2  0  4 13 
  5 20  5  0     13 10 14 20     21 22 21 10     19  6  8 22      7  7 11  6     12 14 17  7     15 15 17 14      9 13 12 15      7 18  9 20     12  9 14 21     15  9  8  9      7 20 10  9     18  6 17 20     21 21 11  6     13 21  8  9      4  0  1 21 
  5 22  3  0     14 10 20 22     21 17 19 10      8 13  6 17     11 17 22 21     17 12 14 17     17  6 19 12     12 19 11  6      9 10 16 19     14 10 21 10      8 11 11 10     10 19 13 11     17  6 17 19     11 11 14  6      8  9  9 11      1  0  1  9 
  3 19  2  0     20  9 20 14     19 19 15  9      6  8  6 19     22  8 11  8      8 22  6  8     19 22 21 22     11 17 16 22     16 20 13 17     21 20 18 20     11 10 21 20     13 19 10 10     17 18 12 19     14  8  8 18      9 18 10 16      1  0  2 18 
  2 14  2  0     20 21  6 14     15 18 20 21      6  8 12  7     11 15 17  8      6 13 13 15     21  9 13 13     16 14 21  9     13 15 12 14     18 19 14 15     17 20  9 19     10 18  8 20     12 22 10 18      8 13 16 22     10 15  6 13      2  0  3 15 
  2 15  2  0      6 12 18 15    20  9 21 12    12  8 13  9     17 22  7 19     13 18 21 15     13 19 10 18     21 21  8 19     12 19 17 21     14 21 13 19     14 20  8 18      8 22 16 20     10 17 21 12    16 21 15 17     6 18  6 21      3  0  3 18 
  2  8  3  0     10 11 16  8     21 12 16 11     13 16  6 19      7 22 12 16     21  9  6 22     10  6 17  9      8 16 14 17     17 16 15 16     13 16 14 16      8  8  6 16     16 15  7  8     21 22 15 15     15 10 17 22     15 17  7 10      3  0  3  7 
  3  2  0  0     16  4  0  2     16  1  0  4      6  1  0  1     12  3  0  1      6  2  0  3     17  5  0  2     14  4  0  5     15  3  0  4     14  5  0  3      6  5  0  5     16  4  0  5     15  2  0  4     17  1  0  2      7  2  0  1      3  0  0  2 
