 0  3  2  0     0  5 22  3      0  4 11  5      0  5 16  4      0  5 16  5      0  2 10  5      0  1 15  2      0  4 15  1      0  2 16  4      0  2 15  2      0  1  7  2      0  2  7  1      0  4 15  2      0  3 22  4      0  3  7  3      0  0  1  3 
  2 21  1  0     22 21 10 21     11 17 22 21     16 22 11 17     16 20  8 22     10 18  8 20     15 22 13 18     15 10 17 22     16 12 14 10     15  9 13 12      7 20 10  9      7  7 17 20     15 19 22  7     22 21 22 19      7 20 13 21      1  0  5 20 
  1  9  5  0     13 13 21  9    22 11 12 13    11 22 14 11      8 11  8 22      8 17  8 11     13 10 21 17     17 21 12 10     14 12  9 21     19 11  6 12     10 15 11 11     17 14 15 15     22 20  8 14    22 18 22 20    13 19 10 18      5  0  1 19 
  5 14  4  0     21  9 16 14     12 11 11  9     14 17  7 12      8  9 20 17      8  6  6  9     21  6 18  6     14 18 11  6      9 20  7 18      6 14 11 20     11 13 10 14     15  6 19 13      8  6 19  6     22 22 21  6     10 17 21 22      1  0  2 17 
  4 19  4  0     16 16 22 19     11  7 20 16      7 22  9  7     20  7 12 22      6  8 12  7     18 14 20  8     11 15 17  8      7 18 18 15     11 17 11 18     10  6 19 17     19 13 16  6     19 10 10 13      8 11 11 10     21  7 13 11      2  0  5  7 
  4 16  1  0     22 18 14 16     20 21 15 18      9  6 22 21     17  7 14 20     12 17 12  7     20 18  6 17     17 19 20 18     18  7 21  9     11 18 20  7     19  6 22 18     16  8  8  6     10 10  6  8     11 16  8 10     13  6 22 16      5  0  5  6 
  1 12  3  0     14 17 17 12     15  7 10 17     22 10 20  7     14 10 21 10     12 19 19 10      6 18 16 20     20  9 14 18     21 21  8  9     20 11 10 21     22 14 10 11      8  8 18 14      6 12 10  8      8 14 12 12     22 12 18 14      5  0  4 12 
  3  6  2  0     17  9 10  6     20 12  7  9     12 20 15 12     21  6 14 20     19 16 21  6     19  9 14 16      9 17  8  9      8 13  6 17     10 14 20 13     10 13 21 14     18 13 13 13     10 15  6 13     12  8 22 15     18 18 18 10      4  0  4 18 
  2 18  1  0     10 15 15 18      7  9 16 15     15  9  8  9     14 21 12  9     21 11  6 21     14 12 13 11     8  9  9 12    10 11 16  9     20 11 15 11     21 12 16 11     13 17 10 12      6 17 19 17     22  7 19 17     18 21 15 13      4  0  1 21 
  1  9  1  0     15 15 15  9     16  6 12 15      8 18  9  6     12 19 17 18      6  8 22 19     13  9 12  8      9 11  8  9     14 17  6 11     15 13 16 17      9 17 14 13     10  7 21 17     12 10 16  7     19 13 11 10     15  6 13 13      1  0  1  6 
  1 14  4  0     15 18 19 14     12 22 10 18      9 13 21  8     17 16 20 13     22 14  8 16     12 13  8 14      8  6 15 13      6 10 14  6     16 19  9 10     14 17  8 16     21 12 19 17     16  6 16 12     11  6  7  7     18  9 22  6      1  0  5  9 
  4 13  2  0     19 16 21 13     10 22  7 16     21 21 11 22     20 22 14 21     11 22 21 22      8 13 16 22     15 11 18 13     14 20 15 11      9 19 17 20     12 17  6 19     19 17 16 17     16 15 16 17      7  7 17 15     22 20 18  7      5  0  5 20 
  2 14  2  0     21 13 19 14      7  7 20 13     11 18 13  7     14 12 12 18     21 19 10 20      9  8 18 19     18 13 16 14     15 12 14 13     17 22 12 12      6  8  8 22     16 14 14  8     16 13 16 14     14 20 16 13     18 20 21 20      5  0  3 20 
  2 13  5  0     19 12 16 13    20  9 21 12    13 19  7  9     12 18 20 19     10 16  9 18      7 22 12 16     16 11  7 22     14  6 11 11     12 18 15  6      8 20  9 18     14 20  9 20     16 17 11 20    16 21 15 17    21  8 19 21      3  0  3  8 
  5  7  1  0     18 10 13  7     21 17 19 10      7 10 15 17     20 22 14 10      9 11 19  7     12 19 15 11      7 20 18 19     11 22 12 20     15 15 21 22      9 15 17 18      9 19 19 15     11 16 19 19     15  7  8 16     19 21 15  7      3  0  3  6 
  1  4  0  0     13  3  0  4     19  4  0  3     20  4  0  4      8  1  0  4     19  4  0  1     15  3  0  4     18  3  0  3     14  5  0  3     21  2  0  5     17  5  0  2     19  3  0  5     19  2  0  3      8  3  0  2     15  2  0  3      3  0  0  2 
