 0  3  2  0     0  3  8  3      0  3 18  3      0  5 22  3      0  2 10  5      0  1  7  2      0  5 20  1      0  3 20  5      0  5 19  3      0  5 16  5      0  4 11  5      0  1 19  4      0  5  7  1      0  4 12  5      0  4 20  4      0  0  1  4 
  2 18  1  0      8 20  9 18     18  7 22 20      7 22  9  7     10 20  7 22      7  7 17 20     20 10  9  7     20 13  7  7     19 10 10 13     16  7 12 10     12 17 12  7     19 17 16 17      7 12 14 17     12 17 22 12     20  9 19 17      1  0  1  9 
  1 15  2  0      9 13 12 15    22 11 12 13     9 12 11 11     22 20  7 12     17  7 14 20      9 13 19  7      7 11 18 13     10 21 20 11     12 16 11 21     12 14 10 16     17  6 11 14     14 20 13 10    22 18 22 20    19  7 20 18      1  0  2  7 
  2 21  1  0     12 19 17 21     12 17  6 19     11 20 16 17      7 18  9 20     14 22 12 18     19 22 21 22     18 14 16 22     20 15 11 14     11 11 10 15     10 19 13 11     11 16 19 19     13 19 12 16     22  7 15 19     20 13 21  7      2  0  4 13 
  1 19  5  0     17 10  6 19      6  8 10 10     16 15  7  8      9  8  9 15     12  7  6  8     21 17 10  7     16 15 16 17     11 12 19 15     10 17 21 12     13 18 21 15     19 14 15 18     12 13  8 14     15  6 13 13     21 21 11  6      4  0  1 21 
  5 21  2  0      6 18  6 21     10 15 15 18      7  9 16 15      9 11  8  9      6 14 18 11     10 13 21 14     16 17 15 13     19 10 21 17     21 22 21 10     21  9  6 22     15 17 18  9      8  9 20 17     13 21  8  9     11 17 16 22      1  0  2 17 
  2 13  5  0      6 22 16 13     15 12  8 22     16  6 16 12      8 22 19  6     18 19  6 22     21 21  8 19     15  7 19 21     21  9 18  7     21 14 12  9      6 11 11 14     18 11 17 11     20 11 15 11      8 22  8 11     16 14 18 13      2  0  2 14 
  5 20  5  0     16 11  7 20      8 17  8 11     16 20 13 17      9 20 14 20      6  8  8 22      8 18 14  8     19  9  8 18     18 10 16  9     12 19 19 10     11  6 12 19     17 20 18  6     15 12 12 20      8 13  9 12     18 15 22 13      2  0  4 15 
  5 16  4  0      7 22 12 16     14 11 11 22     13 10 14 11     14  6  6 10     15 13  8  6     14 12 13 11     8  9  9 12     9 17  8  9     19 17  6 17     12 14 17 17     18 20 21 15     12  7  9 20     10 15 17  7      9 19 19 15      4  0  3 19 
  4 18  4  0     12 22 10 18     11 22 21 22     14 10 20 22      6 17  9 10      8 13  6 17     13 13 18 13      9 17 14 13      8 16 14 17     19 17 18 12     22 21 11 17     21  8  9 21      9 14 18 20     11 20  6 14     19 12 18 20      3  0  1 12 
  4 19  4  0     10 20 21 19     22 14 21 20     20 21  6 14      9 16 14 21      6 12 15 16     18 14 12 12     14  8 16 14     14 12 12  8     18 15  6 12     14 16 13 16      9 10 11 16     18  8 20 10      6  6  9  8     18  9 22  6      1  0  5  9 
  4 16  1  0     21 13 19 16     21  9 13 13      6  8 18  9     14 22 20  8     15 10 17 22     18 13 19 10     16 22  8 13     12 20 11 22      6 18 16 20     13 15 11 18     12 14 13 15     20  7 11 18      9 11 19  7     22 14 10 11      5  0  3 14 
  1  6  1  0     19 16 21  6     13 14 20 16     18 18 10 18     20 21 20 18     17 13 10 21     19 14 21 13     10 21 10 14     11 22 21 21     16 11  7 22     11 10  8 11     13  7 18 10     11  6  7  7     19 13 16  6     10 15  6 13      3  0  4 15 
  1 14  4  0     21 12  9 14    20  9 21 12    10 16 19  9     20  8 22 16     10 11 16  8     21  7 13 11     10 17 15  7     21 22 10 17      7 16 10 22      8  8  6 16     18 14 20  8      7 17 15  7    16 21 15 17     6 22 22 21      4  0  3 22 
  4 15  1  0      9 15 15 15     21 22 15 15     19 16 16 22     22 14  8 16     16 19  9 14     13 15  6 19     15 17 14 15     10 12 13 17     10  8  6 12      6 19  6  8     20 18 17 19     18 15  7 18     15 17  8 11     22  7 19 17      3  0  3  7 
  1  3  0  0     15  2  0  3     15  2  0  2     16  4  0  2      8  1  0  4      9  5  0  1      6  5  0  5     14  4  0  5     13  3  0  4      6  3  0  3      6  2  0  3     17  5  0  2      7  2  0  5      8  3  0  2     19  2  0  3      3  0  0  2 
