  0  3  2  0      0  3  7  3      0  5 22  3      0  2 10  5      0  3 15  2      0  2  8  3      0  4 13  2      0  4 19  4      0  4 20  4      0  4 18  4      0  1 19  4      0  2 17  1      0  2 14  2      0  4 15  2      0  3 22  4      0  0  2  3 
  2 18  1  0      7 21  9 18     22 11 22 21     10 19 13 11     15  9 19 19      8  6  6  9     13 13 15  6     19 10 10 13     20 22 14 10     18  6 21  6     19  6  8  6     17 19 17  6     14 15 18 19     15 21 22 15     22 19 22 21      2  0  3 19 
  1  7  2  0      9 13 19  7    22 11 12 13    13 10 14 11     17 21 12 10      6 19 13 16     15 11 12 19     10 21 20 11     17 13 10 21      8 14 12 13      8 16 14 14     17 15 13 16     18 20 21 15    22 18 22 20    15  6 12 18      3  0  3  6 
  2 17  5  0     19 19 11 16     12 17  6 19     14 15 15 17     12  8 22 15     13 17 10 12     12 14 17 17     20 17  7 14     22 15 10 17     12 12 20 15     14  6  6 10     13 10 15  6     21 17 19 10     22 12 12 17     12  8 14 12      3  0  3  8 
  5 21  2  0     11 22 21 21      6 18  9 22     15  7 18 18     22  9  7  7     10 16 19  9     17 16 15 16      7 22 12 16     10 18 12 22     20 18 17 19      6 17 20 18     15  7  7 17     19 21 15  7     12 16 11 21     14 18 13 16      3  0  3 18 
  2 16  4  0     21 13 19 16      9 17 14 13     18 12 19 17      7  6  8 12     19 16 21  6     15  7  8 16     12 14 17  7     12 13 11 14     17 16 20 13     20 13 10 14      7 11 18 13     15 17  8 11     11 18 11 17     13 13 13 18      3  0  1 12 
  4 13  3  0     19 12 16 13     14 13 15 12     19 14 21 13      8 16 22 14     21  8  9 21      8  6 16  8     17  9 10  6     11 11 10 15     20 16 17 11     10 22  7 16     18 14 16 22      8  8 18 14     11  8 17  8     13 16 22  8      1  0  4 16 
  3 19  4  0     16 16 22 19     10 17 15  7     21 12 19 17     18 20 19 12      9 18  8 20     16 20  6 18     10 18  8 20     10 15 15 18     17  7 10 15      7 17 20  7     16 22 11 17     18 19  6 22     17 20  9 19     22 14 21 20      4  0  5 14 
  4 15  1  0     22 13 18 15     15 11 18 13     19  7  9 11     19 17 22  7      8 16 14 17      6 12 15 16     8  9  9 12    15 17 18  9     10  7 21 17     20 16 11  7     12 14 10 16     10 21 10 14      9 13 12 15     21  9 13 13      5  0  1  9 
  1 14  4  0     18 20  9 14     18 19  7 20      9  8 18 19     22  8 11  8     10 11 16  8     15 11 20 11      9 12 11 11     18 14 22 12     21  9 16 14     11  8  9  9     10 18 13 19     10 16  9 18     12 16  6 16     13  7 18 10      1  0  5  7 
  4 12  5  0      9 21 14 12      7 20 13 21     18 20 21 20     11 22 12 20     16 11  7 22     20  6 14 11     11 14 17  6     22 20  8 14     16 13 14 20      9 12  8 13     13  8  6 15      9  9 17  8      6  8 18  9     18 14 20  8      5  0  3 14 
  5 16  5  0     14 16 13 16     13  6 22 16     21 21 11  6     12  9 14 21      7 20 10  9     14 20  9 20     22 20  7 12      7 11 18 20     14  6 11 11      8  8 22  6      6 12 10  8     17 12  7 12     18 14 12 12     20 15 11 14      3  0  4 15 
  5 20  5  0     13  7  7 20     22 10 20  7     11 22 14 10     14 11 11 22     10  8 11 11      9 20 17  8      7 18  9 20     18 18 10 18     11  6 14 18     22 22 21  6     10 17 21 22      7  7 11  6     12 10 16  7     11 16  9 10      4  0  5 16 
  5  7  2  0     20 12  7  9    20  9 21 12    14 16 19  9     17 19 17 16     11  6 12 19     17  8 13  6      9 15  9  8     10  6 19 17     14 20 21  6     21 19 10 20     21 21  8 19     11 17 22 21    16 21 15 17     9  6 22 21      5  0  5  6 
  2 21  1  0      7 13 11 21     21  8  9 13     18 21 15 13     14 10 13 21     12 19 19 10     13 15  6 19      9 15 15 15     19 22  7 15     21 10 21 22     10  6  8 10      8 22 19  6     22 16 20  8     15  7  9 16     22 20 18  7      5  0  3 20 
  1  4  0  0     11  5  0  4      9  1  0  5     15  2  0  1     13  5  0  2     19  3  0  5      6  2  0  3     15  2  0  2      7  1  0  2     21  4  0  1      8  1  0  4     19  5  0  1     20  1  0  5      9  1  0  1      6  1  0  1      3  0  0  1 
