  0  1  3  0      0  1  6  1      0  5 20  1      0  1  9  5      0  4 16  1      0  5 16  4      0  5 16  5      0  1 19  5      0  4 15  1      0  1 21  4      0  2 21  1      0  1 15  2      0  5  7  1      0  5 20  5      0  4 11  5      0  0  1  4 
  3 15  2  0      6 12 18 15     20 11 22 12      9 12 11 11     16 13 19 12     16  6 19 13     16  8  8  6     19 21 21  8     12 16 11 21     21 13 19 16     21  9 13 13     15 15 15  9      7 10 17 15     20  7 22 10     11 18 20  7      1  0  2 18 
  2 10  5  0     18 13 19 10    22 11 12 13    11 22 14 11     19  6  8 22     19 17 10  6      8  9 20 17     21 21  8  9     11 17 22 21     19  9 10 16     13 19  7  9     15 11 12 19      7 20 16 11    22 18 22 20    20 21 15 18      2  0  5 21 
  5  9  1  0     19 17 20  9     12  7 12 17     14 20 17  7      8 14 22 20     10 11 22 14     20  6 14 11      8  6 19  6     22 22 21  6     10 18 12 22      7 21  9 18     12 19 17 21     16 21  6 19     22 10 17 21     15  6 13 10      5  0  5  6 
  1  9  1  0     20  7 18  9     12 10 16  7     17 21 12 10     22 21 10 21     22 11 22 21     14 12 13 11     14 13 15 12     21  7 20 13     12 12 20 15      9 21 14 12     17  8 16 14      6  6  9  8     17  8 13  6     13 16 22  8      5  0  4 12 
  1 14  4  0     18 11  6 14     16 19 19 11     12 17  6 19     10 12 13 17     22 20  7 12     13 16 17 15     22 14  8 16     20  9 20 14     11  8  9  9     14 12 13  8     16  7 22 12      9 16 15  7     13  6 22 16     22 18 19  6      4  0  4 18 
  4 15  3  0      6 13 13 15     19 10 10 13      6 17  9 10     13 10 21 17      7 21 17 10     15 17  8 11      8  9  9 17     16 14 21  9     10 20 22 14     13  7  7 20     22 20 18  7     15 11 14 20     22 21 21 11     17 19 10 21      4  0  1 19 
  3 20  5  0     13 17 16 20     10 15 17  7      9 20 12  7     21 19 10 20     17 22  7 19      8 18 14  8      9  6  8 18     21  6 18  6     17 20 18  6      7  7 17 20     18  9 22  6     14 21 12  9     21 11  6 21     10  8 11 11      1  0  4  8 
  5 19  3  0     16 16 22 19     17 19 17 16     12 18 20 19     10 15 15 18      7  8 16 15     14 12 12  8     8  9  9 12    18  8 20  9     18 14 20  8     17  7 12 14     22  9  7  7     12  8 13  9      6 15 13  8     11 20 11 15      4  0  4 20 
  3 14  5  0     22 12 18 14     10  8  6 12     20 10 18  8     15 11 11 10     14  6 11 11     12 19 11  6      9 14 16 19     20 16 13 14     20  8 22 16     12  7  6  8      7 11  6  7     13 10 14 11     13  9 17 14     11 19  7  9      4  0  4 19 
  5 22  3  0     18 14 16 22     20 13 10 14     18 13 13 13     11 10 19 13     11 16  9 10     11 17 16 22     16 15 16 17     16  6 12 15     22 21  9  6      6 14 20 21      6  6 10 14     14 12 12 18     17 22 12 12      7 16 10 22      4  0  2 16 
  3 22  4  0     16 11  7 22     10 21 20 11     13 19 14 21     19 15  9 19     22 13 18 15     16 14 18 13     16 13 16 14     12 15  9 13     18 19 14 15     20 18 17 19     10 16  9 18     12 16  6 16     12 14 10 16     10 21 10 14      2  0  5  7 
  4 13  3  0      7 18 10 13     20 21 20 18     14 10 13 21      9  7 20 10     18 18 15  7     18 18 10 18     16 20  6 18      9 14 18 20     14  8 16 14     17 15  7  7      9  8  9 15      6  8  8 22     10 11 16  8     18 13 15 11      5  0  2 13 
  3 19  4  0     10 12 19 19    20  9 21 12    13 21  8  9     20 22 14 21     15 10 17 22     10  6  8 10     19 13 15  6     18 21 15 13      7 13 11 21      7 11 18 13     18 11 17 11      8 17  8 11    16 21 15 17    15  7 19 21      2  0  1  7 
  4 15  2  0     19 22  7 15     21 22 19 22      8 11  8 22     14 17  6 11     17 12 14 17      8 22 15 12     15 15 21 22     15 17 14 15     11 20 16 17     18 19  7 20     17 18 12 19     19  9  8 18     15 17 18  9     19 17  6 17      1  0  2 17 
  2  3  0  0      7  3  0  3     19  2  0  3      8  3  0  2      6  2  0  3     14  2  0  2     15  2  0  2     17  5  0  2     14  4  0  5     13  2  0  4      7  1  0  2     12  3  0  1      8  3  0  3     18  3  0  3      6  3  0  3      2  0  0  3 
