  0  2  3  0      0  2 15  2      0  1 15  2      0  5 20  1      0  3 14  5      0  3  8  3      0  4 13  3      0  5 14  4      0  4 11  5      0  1 21  4      0  2 17  1      0  5 21  2      0  2 10  5      0  2 14  2      0  3  6  2      0  0  1  3 
  3 15  2  0     15 15  9 15     15 21 22 15     20 11 10 21     14 12 13 11      8 13  9 12     13 21  9 13     14 10 13 21     11 22 14 10     21  6 22 22     17 22 15 10     21 22 19 22     10 18 12 22     14 16 22 18     11  7 20 16      1  0  5  7 
  2  7  1  0      9 13 19  7    22 11 12 13    10 15 11 11     13  8  6 15      9 21 21  8      9  6 22 21     13 10 15  6     14 11 13 10     22 21 22 11     11 17 22 21     22 12 12 17     12 20 15 12    22 18 22 20    20 19 12 18      5  0  1 19 
  1  9  1  0     19 17 20  9     12  7 12 17     11 18 20  7      6 17 20 18     16 15 16 17     22 10 20  7     15 15 18 10     13 16 17 15     22  8 13 16     18 14 20  8     12  9 21 14     15  9  8  9     22  6 18  9     12 15 16  6      1  0  4 15 
  1 14  4  0     20 21  6 14     12  9 14 21     20  7 18  9     20 13 21  7     16 14 16 13     20 13 10 14     18 21 15 13     17 19 10 21     13 11 10 19     20  6 14 11     21  6 18  6      8 18  9  6     18 18 10 18     16 20  6 18      4  0  4 20 
  4 16  1  0      6 16 12 16     19  9 14 16     18  7 21  9     21 17 10  7     16 20 13 17     10  9  7 20     15 17 18  9     10  8  6 12     10 11 16  8     14 20 15 11     18 17 19 20      9 10  6 17     10 13 19 10      6 22 16 13      4  0  3 22 
  1 12  3  0     12  8 14 12     14 22 20  8     21 21 11 22     10 14 10 21     13 15 11 18      7  8 16 15     18 19  9  8      6  8 22 19     16 22 14  8     15 12  8 22     19 15 11 12      6 12 18 15     19 17 21 12     16 22 11 17      3  0  5 22 
  3 19  4  0     14 21 13 19     20 18 20 21     11 17 11 18     10  6 19 17     11 11 14  6     16  9 10 11      9 11  8  9     22 12 20 11     14 10 16 12      8 11 11 10     11  9 12 11     18 10 16  9     21 17 13 10     11 20 16 17      5  0  5 20 
  4 13  2  0     13 15  6 13      9 19 19 15     11  6 12 19     19 12 17  6     14 17 17 12     10 12 13 17     8  9  9 12    20 12  7  9     16  7 22 12     11 18 13  7     12 19 17 18     16 21  6 19     13 19 16 21     16 16 22 19      5  0  5 16 
  2  8  3  0      6 16  8  8     19 19 11 16     12 16 13 19     17 19 17 16     17 22  7 19     13 21  8  9      9 16 14 21      7 12 10 16     22 20  7 12     13  7  7 20     17  8 16 14      6  6  9  8     16 14 14  8     22 12 18 14      5  0  4 12 
  3  6  3  0      8  8 22  6     11  8 17  8     13  6 17  8     17 19 17  6      7 20 18 19     22 14 21 20     14 10 20 22     10  6  8 10     19 13 16  6      7 22  9  7     16 20  8 22      9 20 14 20     21 15 18 20     18 19  6 22      4  0  4 19 
  3 19  2  0     22  7 15 19     17 15  7  7     17 14 15 15     17  7 12 14     18 10 13  7     21 22 21 10     20 18  7 22      8 20  9 18     16 13 14 20      9 17 14 13      8  9 20 17     14 18 20  9     18 15  7 18      6 19 13 15      4  0  1 19 
  2 17  5  0     15  7 10 17      7 17 20  7     21 12 10 17     12 18 14 12     13 19 10 18      6  8  6 19     11  8 22  8      9 16 15  7     14 18 13 16     14  8  8 18     20 10 18  8     20 11 15 11      7 22 16 11     13 18 15 22      1  0  2 18 
  5 19  3  0     10 12 19 19    20  9 21 12    10 16 19  9     10 22  7 16     10 17 21 22      6 11 14 17     22 14 11 11     15 18 19 14     13 13 13 18      8 14 12 13     18 11  6 14     15 17  8 11    16 21 15 17    15  7 19 21      2  0  1  7 
  3 18  3  0     19 21 21  8     21 11  6 21     19  7  9 11      7 11  6  7     21 12 16 11     14 13 15 12     11 21  7 13     19 10 20 21     15 17  7 10      7 14 20 17      6  6 10 14      8 12  7  6     15  9 13 12     17  8  9  9      1  0  4  8 
  3  2  0  0     21  1  0  2      6  1  0  1      9  5  0  1      6  5  0  5     16  4  0  5     15  3  0  4      7  3  0  3     20  5  0  3      7  2  0  5     16  4  0  2     18  4  0  4     15  2  0  4     13  5  0  2      9  1  0  5      4  0  0  1 
