  0  3  2  0      0  4 15  3      0  4 19  4      0  5 14  4      0  5  6  5      0  2 10  5      0  2 15  2      0  5  7  2      0  5 20  5      0  3 20  5      0  3  7  3      0  3  8  3      0  3 18  3      0  2  8  3      0  3 15  2      0  0  2  3 
  2 17  1  0     15  7 10 17     19 17 22  7     14 15 15 17      6 19 13 15     10 12 19 19     15 16  6 12      7 22 12 16     20  8 14 22     20  9 18  8      7  7 22  9     12 10 16  7     18 12 22 10     12 17 22 12     15 15  9 15      2  0  1 15 
  1 14  4  0     10 13 21 14    22 11 12 13    15 17  8 11     13  8 14 12     19 21 21  8      6 14 20 21     12 13 11 14     14 20 16 13     18  7 22 20     22 10 20  7     16 12 14 10     22 20  7 12    22 18 22 20     9 15 17 18      1  0  4 15 
  4 13  3  0     21  7 20 13     12 14 17  7      8 16 14 14     14 21  9 16     21 11 22 21     20 11 15 11     11 10 15 11     20 21 19 10      6 19 16 21     20 18 17 19     14 22 12 18      7  8 16 15     22 19  6  8     17 18 12 19      4  0  4 18 
  3 19  2  0     20 11 10 21     17 22 21 11     14  8 16 22      9 21 21  8     22 10 17 21     15  6 13 10     15 13  8  6     19 14 15 18     16 19  9 14     17 10  6 19     11 22 14 10     16 11  7 22      6 21 21 11     12 16 11 21      4  0  1 21 
  2 21  1  0     10 14 10 21     21 13 19 14     15 12 14 13     21  8  9 13     17  8 11  8     13  6 17  8      8 18  9  6     15  6 12 18      9  8  6  6      6 16  8  8      6 19 13 16      7  9 11 19     21 14 12  9     11 11 22 14      1  0  2  7 
  1 12  3  0     12 18 14 12     19 11 16 19     14 17  6 11      9 10  6 17     11 16  8 10     17 15 13 16      9 19 19 15     12 18 20 19      6 17 20 18      6 19 12 17     13 11 10 19     11 10  8 11     12  8 14 12     22 15 12  8      2  0  4 15 
  3 22  4  0     14 10 20 22     16 19  9 10      6 22 18 19      6 18  9 22     15 22 13 18     13 18 21 15     19  9  8 18     20 14 20  9     20 15 11 14     12 12 20 15     10  8  6 12      8 18 14  8     14 16 22 18     12 16  6 16      4  0  5 16 
  4 11  5  0     20 16 17 11      9 10 11 16     18 13 19 10      9 12  8 13     13 17 10 12     21 12 10 17     8  9  9 12    20  7 18  9     11 18 13  7     20 21 20 18      6 22 22 21     14 21 20 22     22 11 22 21      6 14 18 11      5  0  3 14 
  5 21  2  0     17 19 10 21     11  6 12 19     19  6  8  6      8 10 10  6     10 13 19 10     10 21 17 13      9 18  7 21     18 18 10 18     13 16 14 18     20  6 18 16     22 16 13  6     20  8 22 16     22  6  8  8     18  6 21  6      3  0  3  6 
  2 16  4  0     10 22  7 16     12 20 11 22      8 18 14 20     10 15 15 18     10 17 22 15      7 10 15 17      7 21 17 10     10 21 22 21     14 18 20  9     18 15  7 18     13 16 22  8     22 11 17 16      8 22  8 11     21 22 19 22      3  0  5 22 
  4  8  1  0     16 14 17  8     11 13 10 14     14  6  6 10     22 21  9  6      9 13 13 21     15  6 13 13     17 19 17  6     22  7 15 19     20 10  9  7     18  8 20 10      9 15  9  8     17 17 12 14      8  9  9 17     19 17 20  9      5  0  2 17 
  1 19  4  0     17 16 17 19     11  7 20 16      6  8 12  7      9 20 17  8     13 10 14 20     13  7 18 10     17 15  7  7     15 21 22 15      9 18 10 16     20  7 11 18      9 13 19  7     12 15  9 13     16 17 16 15     20  7  7 17      2  0  1  7 
  4 12  5  0     17 12  7 12    20  9 21 12    12 11 11  9     17 11 18 11     14  6 11 11     18 13 13 13     19 16 21 13     22 19 16 16     21 15  7 19     11 18 13 15     19  7 20 18      9 17 14 13    16 21 15 17    12  9 14 21      1  0  1  9 
  5  7  1  0      7 11  6  7     21 15 18 20     11 12 19 15      7  9 20 12     11  8  9  9     13 17 16 20     21 12 19 17     16 13 19 12      7  7 20 13     13 11 21  7     20  6 14 11     14 16 13 16     15  7  9 16     14 20 17  7      1  0  4 16 
  1  3  0  0      6  2  0  3     18  1  0  2     19  5  0  1     20  1  0  5      9  5  0  1     16  5  0  5     19  3  0  5     19  4  0  3     20  4  0  4     13  2  0  4     14  2  0  2     13  5  0  2      9  1  0  5      6  1  0  1      4  0  0  1 
