 0  3  2  0     0  4 13  3      0  4 20  4      0  4 18  4      0  5 14  4      0  1  9  5      0  2  7  1      0  2 15  2      0  1 15  2      0  2 17  1      0  5  7  2      0  2 10  5      0  4 15  2      0  1 14  4      0  4 15  1      0  0  1  4 
  2 16  4  0     13 16 14 16     20  8 22 16     18 14  8  8     14  8 16 14      9  9 11  8      7 18  9 20     15  6 12 18     15 13  8  6     13 15  6 13      7 19 17 22      7 20 18 19     15 11 14 20     22 21 22 11     15 18 20 21      1  0  2 18 
  4 16  1  0     20 13  7  7    22 11 12 13    22 14 11 11     16 19  9 14     11 18 11 17      9 15 17 18     12  8 22 15     11  8 22  8      6  6  9  8     17 20 18  6     18 20 21 20     14 20  9 20    22 18 22 20    21 15 13 18      2  0  3 15 
  1 19  5  0      7  9 13 19     12  8 13  9     11  8 17  8      9 20 17  8     11 10 21 20     17 21 22 10     22 21 10 21     22 15 15 21      9  8  9 15     18 14 20  8     21 13 19 14      9 17 14 13     22 21 11 17      9 18  7 21      3  0  3 18 
  5 20  5  0     13 16  6 19     13 14 20 16     17  7 12 14     17 20  7  7     21 19 10 20     22 19 22 21     10 21 17 19     15  7 19 21      9 11 19  7     21  7 13 11     20 16 11  7     14 18 13 16      7 22 20 18      7 15 19 22      3  0  4 15 
  5 16  4  0      6 12 15 16     20 15 12 12     12 14 13 15     12  9 21 14     10 11 16  9     22 14 10 11     17  6 11 14     19  6  8  6     19 16 21  6     13  6 22 16     11 20 16 17     13 17 16 20     20  9 19 17     18 10 16  9      4  0  4 19 
  4 13  2  0     15  6 19 13     12 12  8 14     13 17 10 12     21 12 19 17     16 13 19 12     10 14 11 13     11 20  6 14      8 20 10 18     21  6 14 20     22 18 19  6     20 19 12 18     16 16 22 19     19 19 11 16     16 21 13 19      4  0  1 21 
  2 14  2  0     10 21 10 14      8  9 13 21     10  6 17  9     19 17 10  6     19 20 18 17     11 22 12 20      6  8  8 22     10 11 16  8     14  6 11 11     19 12 17  6     12 17 22 12     16 15 16 17      7 10 17 15     13  7 18 10      1  0  5  7 
  2  8  3  0     10 10  6  8     13 21 14 10     17 13 10 21     10 14 20 13     18 14 22 12     12 12 18 14     8  9  9 12    16 15  7  9     11 11 10 15     17 16 22 11     22  8 13 16     16 14 17  8     17 17 12 14     18 12 19 17      5  0  4 12 
  3 22  4  0      6 18  9 22     14 16 22 18     10 22  7 16     20  7 12 22     22  9  7  7     18  8 20  9      9 16 14 21      7 22 12 16     10 18 12 22     18 10 18 18     13 19 10 10     17  6 17 19     12  9 14 21     19 19 15  9      4  0  1 19 
  4 11  5  0      9 12 11 11      7  6  8 12      7  7 11  6     12 17 12  7      7 10 15 17     20 22 14 10     14 21 20 22     12 16 11 21     12 14 10 16     18 13  7 11     10 15  6 13     17  8 11 15     14 12 13  8     15  9 13 12      1  0  5  9 
  5 19  3  0     11  6 12 19      8 18  9  6     11  6 14 18     12 10  8  6     15 15 18 10     14  6  6 10     17  8 13  6     11 11 10  8     10 19 13 11      7 11 18 20      6 21 21 11     11 22 21 21     13 18 15 22     13 13 13 18      5  0  2 13 
  3  7  3  0     12 10 16  7      9  7 20 10     14 20 17  7      8 14 22 20     18 20  9 14      6 18 16 20     13 19 10 18     10 12 19 19     13 11 14 12     18 13 15 11     21  7 20 13     21 17 10  7     15 13 16 17     13 21  9 13      2  0  5 21 
  3  6  3  0     16 12 16  6    20  9 21 12    17  8  9  9     22 19  6  8      9  8 18 19     16 15  7  8     10 17 22 15     19 17 16 17     14 15 15 17     15  9 15 15     20 12  7  9     10 17 21 12    16 21 15 17     9  6 22 21      5  0  5  6 
  3  6  2  0     16  8  8  6     21  8 19 21      9 21 21  8      6 18  6 21     18 15  7 18      7  7 17 15     22 10 20  7     16 19  9 10     15 11 12 19     15 11 20 11      7 22 16 11     21  6 22 22     15 18 19 14     22 14  8 16      5  0  3 14 
  2  3  0  0      8  3  0  3     19  2  0  3     21  1  0  2      6  1  0  1      7  2  0  1     17  5  0  2     20  1  0  5      9  1  0  1     12  3  0  1     20  5  0  3     16  5  0  5     22  3  0  5     19  4  0  3      8  1  0  4      3  0  0  1 
