  0  3  2  0      0  4 15  3      0  2 16  4      0  3 15  2      0  4 13  3      0  1 21  4      0  2 21  1      0  3  6  2      0  3  7  3      0  3  6  3      0  2  8  3      0  3 19  2      0  5 22  3      0  5 20  5      0  3 14  5      0  0  1  3 
  2  7  1  0     15 19 22  7     16 16 22 19     15 16 17 16     13  6 22 16     21  6 18  6     21 21 11  6      6 19 16 21      7  9 13 19      6  8 18  9      8  6 16  8     19 12 17  6      7 12 17 12     20 11 22 12     14  6 11 11      1  0  5  7 
  1 15  2  0     22 13 18 15    22 11 12 13     7 22 16 11     21 21 11 22     18 16 20  6     11  7 20 16     20 10  9  7     13  7 18 10     21 17 10  7     16 20 13 17     17  7 14 20     17 20  7  7    22 18 22 20    11  6 14 18      5  0  5  6 
  2 10  5  0     18 12 22 10     12 17 22 12     16 22 11 17     11 22 21 22     20 18  7 22     20 21 20 18      9 13 13 21     18 21 15 13     10 21 22 21     13 19 14 21     14 15 18 19      7 19 21 15     22  6 18  9     14 20 21  6      5  0  2 17 
  5 16  4  0     22 21  6 22     22 10 17 21     11 16  8 10     21 13 19 16      7  7 20 13     20 18 19  7     13 15 11 18     15 18 10 15     19  6 22 18     14 11 20  6     18 13  7 11     21 14 10 13     18 13 16 14     21  7 20 13      2  0  2 14 
  4 15  1  0      6 19 13 15     10 20 21 19      8 18 14 20     19  9  8 18     20 12  7  9     19 11  6 12     11 22 14 11     10 20  7 22     22 14 21 20     20 15 11 14      7 10 17 15     10 13 19 10     16 22  8 13     20  7 12 22      2  0  1  7 
  1  6  1  0     13 10 15  6     21 10 14 10     14  6  6 10      8 22 19  6      7  6  8 12      6  9  8  6     14 16 19  9      7 22 12 16     21 11 17 22     11  9 12 11     17  8  9  9     19 21 21  8      8  9 21 21     12 20 15 12      1  0  5 20 
  1 12  3  0     15 16  6 12     14 16 13 16     14 17  8 16     19 17 16 17      8 13  6 17      8  6 15 13     19  6  8  6     12 18 15  6     17 10  6 19     12 19 19 10      9 10 16 19     21 20 11 10     21 15 18 20     15  9 15 15      5  0  1  9 
  3  8  3  0      6 12 10  8     13 11 14 12      8  9  9 11     16 15  7  9      6 13 13 15     15 12 14 13     8  9  9 12    15 17 18  9      6 17 19 17     19 20 18 17     16 17 11 20     11 18 11 17     18 10 18 18     15  9  8  9      1  0  5  9 
  3 18  3  0     10 16  9 18     14 21  9 16      9  6 22 21      7  7 11  6     13 14 20 16     14  8 16 14      9 13 21  8     18 13 13 13     19 10 18 13     18  8 20 10     11  8 17  8     11  8 22  8     18 14  8  8     10 11 22 14      5  0  4 11 
  3 20  5  0      9 19 17 20     17 21 12 19     22 19 22 21     11 14 17  6     20 13 10 14     16 17 15 13     21 12 10 17     13 17 10 12     18 12 19 17     20  9 14 18     10  6 17  9     22 18 14 16      8 20  9 18     22 14 10 20      4  0  1 14 
  5 14  4  0     10 16 12 14     12 16  6 16     22 14  8 16     17 13 10 21     10 14 11 13     15 15 17 14     10 10  6  8     20  8 14 22     19 13 16  6      8 14 12 13     17 17 12 14     14 13  9 17      9 12  8 13     10 16  7 12      1  0  4 16 
  4 12  5  0     12 18 14 12      6 17 20 18      8  9 20 17     10 11 16  9     11 10 15 11     17 22 15 10      6  8  8 22     14 12 12  8     16 13 19 12     12 15  9 13     12  8 22 15      9 20 14 20      8 22 16 20      7 19 17 22      4  0  4 19 
  5 21  2  0     14 12  9 21    20  9 21 12    20  7 18  9     16 10 22  7     15 17  7 10     15  7  7 17      8 11 11 10     12 19 15 11     19 15  9 19      9 14 21 12     22 12 18 14     14 17  7 12    16 21 15 17    17 19 10 21      4  0  4 18 
  2 17  1  0      8 11 15 17     21  7 13 11     22  9  7  7     22 15 15 21      7 18 18 15      7 21  9 18     11 16 19 19     15  7  8 16      9 11 19  7     21 12 16 11     18 20 19 12      7 11 18 20     15 11 20 11     10 19 13 11      4  0  3 19 
  1  4  0  0     15  2  0  4     13  5  0  2      7  2  0  5     15  2  0  2     18  1  0  2      9  1  0  1     19  4  0  1      8  1  0  4     19  5  0  1     16  5  0  5     19  3  0  5     22  4  0  3     20  4  0  4     13  2  0  4      3  0  0  2 
