  0  3  2  0      0  3  8  3      0  4 13  3      0  2 16  4      0  2 14  2      0  3 15  2      0  5 22  3      0  3 20  5      0  1 12  3      0  5 20  1      0  5 20  5      0  5  6  5      0  1  9  5      0  2 18  1      0  3  6  2      0  0  1  3 
  2  8  3  0      8 19 21 21      6  8 22 19     16 22 14  8     14 10 11 22     15 11 11 10     22 14 11 11     20  9 20 14     12 10  8  6     20 21 19 10     20 18 20 21      6 21  6 18      9  6 22 21     18  9 22  6      6  8 18  9      1  0  4  8 
  3 14  5  0     21 13 19 14    22 11 12 13    14 17  6 11     11 20 16 17     11 22 12 20     11 22 21 22      8 13 16 22      8 12  7  6     19 17 18 12     20 18  6 17     15  7 18 18     22 20 18  7    22 18 22 20    18 18 10 18      4  0  4 18 
  5 16  5  0     19  9 10 16     12  8 13  9      6 16  8  8     16  6 12 15     13 10 15  6     21 17 13 10     16 20 13 17      7  7 17 20     18 10 13  7      6  8 10 10     18 14 20  8     18 20  9 14     22 14 21 20     10 20 22 14      4  0  4 20 
  5 14  4  0     10 13 21 14     13 13 21  9     10 14 11 13     12 12 18 14     15  9 13 12     13 19  7  9     13 16  6 19     17 15 13 16     13 18 21 15     10 18 13 19     20  7 11 18      9 20 12  7     21  6 14 20     22 22 21  6      4  0  3 22 
  4 15  3  0     21 22 15 15     21 11 17 22     11 14  6 11     18 11  6 14     13 15 11 18      7 20 10  9      6 18 16 20     13 13 13 18     21  8  9 13     13  7  7 20     11  6  7  7     12 19 11  6     14 16 13 16     21  6 19 16      3  0  3  6 
  3 19  4  0     15 12 12 20     17 22 12 12      6  8  8 22      6 15 13  8     11 12 19 15     10 17 21 12     16 22 11 17     13 18 15 22      9 15 17 18      9 19 19 15      7 20 18 19      9 18  8 20     13  7 11 18     19 21 15  7      3  0  3 18 
  4 15  2  0     12 17 12  7     12 14 17 17      8 16 14 14     13  6 22 16     19 12 17  6     13 11 14 12     11 10  8 11     15 15 18 10     18 19 14 15     19 10 12 19     18  8 20 10      8 18 14  8     11 17 11 18     15  7 10 17      3  0  3  7 
  2  7  1  0     12 14 17  7     20  8 14 22     14 12 12  8     22 20  7 12     17  8  9 20     14 12 13  8     8  9  9 12    18 10 16  9     14  6  6 10     12 18 15  6     20 21 15 18     14 12  9 21     11 11  9 12     10 19 13 11      3  0  5 19 
  1 19  4  0     17 16 17 19     14 21  9 16     12 16 11 21      7 12 10 16      9 14 21 12     13 15 12 14      9 15 15 15     16 16 22 19      6 16 12 16     15 11 20 11     20  6 14 11      9  8  6  6      9 21 21  8     13 19 16 21      5  0  1 19 
  4 19  4  0     17  8 16 14      9  9 11  8     11 19  7  9     10 10 13 19     21 22 21 10     12 16  7 22     15  7  9 16     22 10 20  7     12 13 17 10      6 17  8 13     14 15 15 17      6 13 13 15     21 11 22 21     16  9 10 11      1  0  1  9 
  4 12  5  0     16 13 19 12     11 21  7 13      7 20 13 21     13 10 14 20     21 10 14 10      7 21 17 10      9 18  7 21     20 19 12 18     17 20  9 19      8 22 16 20     15 17  8 11     21 12 19 17     22 10 18 12     10 21 20 11      1  0  2 21 
  5  7  1  0     19 17 22  7      7 14 20 17     13  9 17 14     14 16 19  9     14 10 16 12     17 22 15 10      7 15 19 22     12  8 22 15      9 15  9  8     16 17 16 15      8 22  8 11     21 22 19 22     18 14 16 22     20 15 11 14      2  0  1 15 
  1 14  4  0     22 12 18 14    20  9 21 12    17  8  9  9     19  9  8 18     16 13 14 20     15  6 19 13     19  6  8  6     22 18 19  6      9 20  7 18     16 11  7 20      8 17  8 11     19 17  6 17    16 21 15 17    11  6 21 21      1  0  1  6 
  4 13  2  0     18 17 19 20     21 22 10 17      9  7  7 22      8 16 15  7     14 18 13 16     19 10 21 17      6 19 17 10     19 11 16 19      7 22 16 11      7 16 10 22      8 10 11 16      6 17  9 10     15  7  7 17     10 15 17  7      1  0  4 15 
  2  3  0  0     19  2  0  3     10  5  0  2      7  2  0  5     15  2  0  2     13  5  0  2     21  2  0  5     17  5  0  2     16  4  0  5     16  1  0  4     21  4  0  1     11  5  0  4      9  1  0  5      7  2  0  1     17  1  0  2      4  0  0  1 
