  0  2  3  0      0  3 15  2      0  1 12  3      0  5  7  1      0  5 20  5      0  5  6  5      0  4 12  5      0  3 22  4      0  3  7  3      0  5 22  3      0  1 19  5      0  1  9  1      0  4 15  1      0  1 14  4      0  2 21  1      0  0  3  2 
  3 20  5  0     15 12 12 20     12 17 22 12      7 14 20 17     20 15 11 14      6 13 13 15     10 14 11 13     22 20  8 14      7  7 17 20     22 20 18  7     19 12 18 20      9 21 14 12     15 18 20 21     14 16 22 18      9 18 10 16      3  0  3 18 
  5 14  4  0     12 13  8 14    22 11 12 13    20 11 15 11     11  8  9  9     13 16 22  8     11 21 12 16      8 19 21 21     20 16 11  7     18 11 17 11     18 13 15 11     14 20 16 13     14 20  9 20    22 18 22 20    10 13  7 18      3  0  4 13 
  4  8  1  0      8  9 15  9     12 11 11  9     15 17  8 11      9 10  6 17     22  7 16 10     12 18 14 22     21 15 13 18     11 11 10 15     17 22 21 11     15 10 17 22     16 19  9 10      9  8 18 19     22 15 12  8      7 19 21 15      4  0  1 19 
  1 21  4  0     15  7 10 17     11  6  7  7      8  6 19  6      6 10 14  6     16  7 12 10      9 16 15  7     13 19 12 16     10 10 13 19     21 10 14 10     17 21 22 10      9 16 14 21      6 16 12 16     12 14 10 16     21 20 22 14      1  0  5 20 
  4 11  5  0     10 21 22 21      7 12 14 17     19 17 21 12     14 15 15 17     12 14 13 15     15 18 19 14     12 19 17 18     13 16  6 19     14 16 13 16     22 11 17 16     14  6 11 11     12 18 15  6     19  7 20 18     22 10 20  7      5  0  2 10 
  5  7  2  0     22 12 16  7      7  9 20 12     21 21  8  9     20 18 20 21     13 19 10 18     19 11 16 19      7 22 16 11      6 18  9 22     13 16 14 18     17 16 15 16     11 19  7  9     15 11 12 19     20 16 17 11     20 21 19 10      2  0  5 21 
  2  8  3  0     16 14 14  8     20 21  6 14     12  9 14 21     20 17  8  9     10 15  6 13     16  6 12 15     16  8  8  6      9  9 17  8     14 18 20  9     15  7 18 18      7 17 15  7     12 14 17 17     17  6 11 14     19 16 21  6      5  0  5 16 
  3 19  2  0      9 13 13 21      6 22 16 13     14 10 11 22      8 11 11 10      6 14 18 11     12 12  8 14     8  9  9 12    17 14 13  9     20  8 18 14     18 14  8  8     15 15 21 22     17  7 10 15     11 14 12 13     21 13 19 14      5  0  2 13 
  2 15  2  0     13  8  6 15     16 14 17  8     11 20  6 14     11 10 21 20     18 12 22 10     12 18 14 12      9 15 17 18     12 20 11 22     18  6 17 20      8 18  9  6      8 20 10 18     19 10 21 17     12 19 19 10     19 15  9 19      2  0  1 15 
  2  7  1  0      6  8 12  7     17  8 11  8      6  6  9  8     21  6 18  6     22 21  9  6     14 10 13 21     17 21 12 10     11 22 21 21      6  8  8 22     22  8 11  8     10 10  6  8     21 17 13 10     19 20 18 17      9 18  8 20      1  0  2 18 
  1  7  2  0     12 22 20  7     11 22 21 22     14 10 20 22     18 18 18 10      9 20  7 18     13 17 16 20     12  7 12 17     21 17 10  7      8 13  6 17     11 10 19 13      6 19 17 10     13 15  6 19     18 10 15 15      8  6 12 10      2  0  3  6 
  2 14  2  0     20 13 10 14     21  7 20 13     20 13  7  7     18 13 13 13      7 11 18 13     16  9 10 11     12  8 13  9     10 11 16  8      6 12 19 11     19 16 21 13     17 19 17 16      6 22 18 19     15 13 16 17     12 15  9 13      3  0  4 15 
  2 17  5  0     10 12 13 17    20  9 21 12     7  7 22  9     13 11 21  7     18 20  7 11     10  9  7 20     13 19  7  9     16 16 22 19     19  9 14 16     21  6 22 22     17 19 17  6     12 17  6 19    16 21 15 17     9 18  7 21      4  0  4 18 
  5  9  1  0     13 21  8  9     21 11  6 21     11 22 14 11     21 22 19 22      7 15 19 22      9 15 15 15      7  8 16 15     22 16 20  8     14  8 16 22     22 19  6  8     17 20  9 19      6 18 16 20     15 22 13 18      7 19 17 22      4  0  4 19 
  1  3  0  0      8  3  0  3      6  3  0  3     14  5  0  3     19  3  0  5     19  4  0  3     15  2  0  4     16  4  0  2     20  4  0  4     16  1  0  4      6  1  0  1      9  5  0  1     16  4  0  5     13  2  0  4     17  1  0  2      4  0  0  1 
