  0  2  3  0      0  2 15  2      0  1 15  2      0  2 17  1      0  1  7  2      0  4  8  1      0  1 19  4      0  4 16  1      0  2 16  4      0  5  7  2      0  5 16  5      0  5  6  5      0  1  9  5      0  5  7  1      0  2 17  5      0  0  3  2 
  3 14  5  0     15 15 17 14     15 21 22 15     17 19 10 21      7  9 11 19      8  6  6  9     19  6  8  6     16 12 16  6     16  7 22 12      7 11  6  7     16  9 10 11      6  8 18  9      9 20 17  8      7 12 22 20     17  6 19 12      3  0  3  6 
  5 21  2  0     17 13 10 21    22 11 12 13    10 15 11 11     11 14 20 15      6  6 10 14      8 12  7  6     16 11 21 12     22 21 21 11      6 22 22 21     10 20  7 22     18  7 22 20     17 20  7  7    22 18 22 20    14 12 12 18      3  0  1 12 
  2 10  5  0     10  6  8 10     12  8 14 12      8 22  6  8     20  8 14 22     10 11 16  8      7 22 16 11      7 16 10 22     21 17 10  7     22  7 19 17      7 17 15  7     22 15 10 17      7  9 16 15     22  6 18  9     12 18 15  6      1  0  2 18 
  5 14  4  0      8 22 19  6     14 11 11 22      6 12 19 11     14 17 17 12     16 22 11 17     16 20  8 22     10 18  8 20     10 13  7 18     19  7  9 13      7 22  9  7     10 17 21 22     16 20 13 17     18 20 21 20     11 15 11 20      2  0  3 15 
  4 18  4  0     19  7 20 18     11 18 13  7     19 14 15 18     17  6 11 14     11 11 14  6      8 22  8 11      8 13 16 22      7  7 20 13      9 20 12  7      9 17  8  9     21 13 19 14     13 18 13 13     21  9 18  7     11  8  9  9      3  0  2  8 
  4 11  5  0     20  6 14 11     13 10 15  6     15 15 18 10     11 18 13 15     14 16 22 18      8  8  6 16     16 14 14  8     20 16 13 14     12 14 10 16      8 16 22 14     19 19 11 16     13 11 10 19     18 20  7 11      9 19 17 20      2  0  3 19 
  5  9  1  0     14 16 19  9     15  7  8 16     18  9 20  7     13 21  8  9     22 21 10 21      6 18  6 21     14  8  8 18     13  9 12  8     10  6 17  9     22 16 13  6     11  7 20 16     10 15 17  7      7 19 21 15     17 18 12 19      3  0  3 18 
  1  6  1  0     19 13 16  6      8 14 12 13     20 17  7 14      8 11  8 17     10  8 11 11      6 12 10  8     8  9  9 12    12 11 11  9     20 16 17 11     13 16 14 16     20  6 18 16     14 20 21  6     21 15 18 20     22 13 18 15      3  0  4 13 
  1 19  5  0     16 21 13 19     12  9 14 21      7 20 10  9      8 18 14 20     11  6 14 18     10 20 22 14      9 14 18 20     11 13 10 14     17 10 12 13     14 10 21 10     18 13 19 10     21  9 13 13     18  8 20  9     18 19  9  8      4  0  3 19 
  5 20  1  0     13 21  7 20     14 12  9 21     10 16  7 12     14 18 13 16     20 19 12 18     22  7 15 19     18 18 15  7     10 18 18 18     12 22 10 18     21 22 11 22     19 16 16 22     13 19 10 10     20 18 17 19      9 15 17 18      3  0  4 15 
  1 21  4  0      7 13 11 21      9 17 14 13      7 12 14 17     13 11 14 12     12 19 15 11     15  9 19 19     15  9  8  9     18 19  6 22     10 20 21 19     11 10 21 20     16  9 18 10     10 16 19  9     21  6 19 16     17 19 17  6      4  0  4 19 
  4 20  4  0     11 22 12 20     14 21 20 22     14 10 13 21     17 15  7 10     16  6 12 15     19 17 10  6      8  9 21 21      6 22 21  9     21 22 19 22     21 11 17 22     18  6 17 20     19 13 15  6     19 12 16 13     17 22 12 12      4  0  3 22 
  4 15  1  0     12 12 20 15    20  9 21 12    13 12 15  9     17 15 13 16     12  8 22 15     19 21 21  8     21 11  6 21     21 12 10 17     19 19 10 12     17 16 17 19     17 16 15 16     14 17  8 16    16 21 15 17    12 19 17 21      3  0  5 19 
  1  9  1  0     20 14 20  9     21  9 16 14     15 15 15  9     13  8  6 15     12 18 14 22     21 15 13 18      6 13 13 15     10 14 20 13     10 11 22 14     17 11 18 11     15 17  8 11      8 13  6 17     15 12 14 13     17 12  7 12      5  0  4 12 
  1  3  0  0     20  5  0  3     16  4  0  5     15  2  0  4     21  1  0  2     14  4  0  1     13  2  0  4     13  5  0  2     20  5  0  5     22  3  0  5      7  3  0  3      8  3  0  3      6  2  0  3     14  2  0  2      7  1  0  2      4  0  0  1 
