 0  3  2  0     0  3  8  3      0  2  8  3      0  1 15  2      0  2 17  1      0  4 13  2      0  3 19  4      0  3  6  3      0  5 19  3      0  5 20  5      0  3 20  5      0  1 12  3      0  2  7  1      0  3  6  2      0  3 18  3      0  0  2  3 
  2 17  5  0      8  9 20 17      8 16 22 14     15  7  8 16     17 15  7  7     13  8  6 15     19 21 21  8      6 18  6 21     19 14 15 18     20 17  7 14     20  7  7 17     12 22 20  7      7 19 17 22      6  8 22 19     18 14 20  8      2  0  2 14 
  5 14  4  0     20 13 10 14    22 11 12 13     8  9  9 11      7 20 10  9      6 18 16 20     21 15 13 18      6 12 18 15     15  9 13 12      7  7 22  9      7 11  6  7     20  6 14 11     17 20 18  6    22 18 22 20    20 19 12 18      2  0  3 19 
  4 13  3  0     10 15  6 13     12  8 22 15      9 15 17 18     10 17 22 15     16 22 11 17     13 18 15 22     21 13 19 14     13 15  6 13     18  9 22  6      6 22 21  9     14 11 11 22     18 13 15 11     22 18 14 16     12 22 10 18      3  0  5 22 
  3 22  4  0      6  8  8 22     22  8 11  8     17  8 11  8     22 16 20  8      7 22 12 16     10 17 21 22      7 10 15 17      6 19 17 10     22 21 22 11     21 11  6 21     11  9 12 11     10 11 16  9     14 12 13 11     10 16  7 12      5  0  5 16 
  4  8  1  0      8  6 16  8     11 11 14  6     11 10  8 11     20 21 19 10     12 10 17 21     21 10 14 10     15 11 11 10     17 11 18 11     22 14 10 11      6  6 10 14     12 19 11  6     16 21  6 19     22 15 15 21      7 19 21 15      5  0  1 19 
  1  6  1  0     16 12 16  6     14 17 17 12      8 16 14 17     13 19 12 16     17 21 12 19     14 10 13 21     15 11 12 19     18 20  7 11     10 18  8 20     20 21 20 18     11 17 22 21      6 11 14 17     15 11 20 11     21  7 13 11      1  0  5  7 
  1 14  4  0     16 19  9 14     17 16 17 19     14 14  8 16     12 12 18 14     12  8 14 12     13  6 17  8     12 10  8  6      7 21 17 10      8  9 21 21     20  7 18  9     22 16 11  7     14 11 13 10     20 16 17 11     13  6 22 16      5  0  5  6 
  4 19  4  0      9 10 16 19     17 15  7 10      8  9 13 21     18  8 20  9     14 12 13  8     17 12  7 12     8  9  9 12    17 14 13  9     21 20 22 14     18 19  7 20     11 16 19 19     13 14 20 16     17  7 12 14     22 10 20  7      5  0  1  9 
  4 15  2  0     16 17 16 15      7 18 18 15     13  7 11 18     20 13 21  7     13 13 18 13      7  7 20 13      9 20 12  7     13 17 16 20     22 12 12 17      7  6  8 12     19 12 17  6     20 15 12 12     12 14 13 15     20 15 11 14      1  0  4 15 
  2 13  5  0     16 14 18 13     18 20  9 14     11 10 21 20     21 22 21 10     18 19  6 22     20 18 17 19     12 19 17 18     16 21 13 19     12  9 14 21      8  6  6  9     17  9 10  6     19 17 20  9     13 10 21 17     11 16  8 10      4  0  5 16 
  5 20  1  0     18  7 22 20      9 16 15  7     21 11 22 21     21 12 16 11     15 16  6 12     17 15 13 16     17 14 15 15     13 15  6 19     14  8  8 18      6 19  6  8     10 10 13 19     20 22 14 10     21  6 22 22      8 10 10  6      5  0  2 10 
  1 19  4  0     22 21 22 19     15 18 20 21     22 20  8 14     16 11  7 20      6 19 13 16     13 11 10 19     15 17  8 11      6 17 19 17      8  9  9 17      6  8 18  9     13 16 22  8     14 16 13 16     22 19 16 16     10 21 17 19      2  0  5 21 
  4 11  5  0     22 12 20 11    20  9 21 12    13 13 21  9      7 18 10 13     13 19 10 18     10 12 19 19      8 13  9 12     19  7  9 13      9 11 19  7      6 14 18 11     22 12 18 14     13 17 10 12    16 21 15 17     6 14 20 21      5  0  3 14 
  5  9  1  0     20 14 20  9     21  9 16 14     21 14 12  9     10 16 12 14     10 22  7 16     19 19 15  9      9  8 18 19      9 15  9  8     19 22  7 15     18 10 16  9     18 18 18 10     10 15 15 18     15  9 15 15     18  7 21  9      3  0  3  7 
  1  4  0  0     20  4  0  4     16  1  0  4     21  4  0  1     12  5  0  4      7  2  0  5     15  2  0  2     18  1  0  2      9  1  0  1      7  2  0  1     16  4  0  2     18  4  0  4     15  3  0  4     15  2  0  3     21  1  0  2      3  0  0  1 
