  0  3  2  0      0  4 15  3      0  4 18  4      0  5 14  4      0  3 14  5      0  2  8  3      0  3 15  2      0  4 13  3      0  4 19  4      0  2 16  4      0  2 15  2      0  1  7  2      0  1  6  1      0  4  8  1      0  3 22  4      0  0  1  3 
  2 10  5  0     15  6 13 10     18  9 22  6     14 18 20  9     14 12 12 18      8 14 12 12     15 18 19 14     13 13 13 18     18 15 22 13     16 13 19 12     15 12 14 13     13  8 14 12      6  6  9  8      8  8 22  6     22 15 12  8      1  0  4 15 
  5  9  1  0     13 13 21  9    22 11 12 13    20 11 15 11     12 19 15 11     12 17  6 19     19 17 16 17     13  7  7 20     22 20 18  7     19 12 18 20     14 10 16 12     14 20 13 10      9 20 14 20    22 18 22 20    12 19 17 18      4  0  3 19 
  1  9  1  0     21 14 12  9     12 15 16  6     15 21 22 15     15 13 18 21      6 17  8 13     16 15 16 17      7  9 16 15     16 14 21  9     18 11  6 14     16  8 10 11     13 16 22  8     14 17  8 16     22 15 10 17     17  7 10 15      3  0  3  7 
  1 15  2  0     12 12 20 15     16  6 16 12     22 22 21  6     21 10 21 22      8  6 12 10     13 17 16 20     16 22 11 17     21 21 11 22     17 10  7 21     10  6  8 10     22 14 21 20      8 16 14 14     10 22  7 16     10 18 12 22      3  0  3 18 
  2  7  1  0     20 16 11  7     16 22 19 16     21  9  6 22     21 21  8  9     12 14 17 17     16 19  9 14     11 16 19 19     11 21 12 16      7 20 13 21      8 18 14 20     21 13 19 14     14 20 16 13      7  7 17 20     12 22 20  7      3  0  5 22 
  1  9  5  0     11  8  9  9     19 21 21  8      6 18  6 21      8 20 10 18     12 18 14 22      9  6  8 18     19  6  8  6     12 19 11  6     13 16  6 19     14 18 13 16     19  6 22 18     16  8  8  6      9  9 17  8     20 17  8  9      5  0  2 17 
  5 20  5  0      9 19 17 20     21 15  7 19      6 12 18 15     10 16  7 12     14 16 13 16      8  9 15  9      8 11  8 22     11 10 15 11      6 19 17 10     13 11 10 19     22 12 20 11      8 13  9 12     17 10 12 13     13 19 10 10      2  0  3 19 
  5  7  1  0     17 15  7  7      7  8 16 15     18 19  9  8      7  9 13 19     13 12 15  9      7 12 17 12     8  9  9 12    15 15 15  9     17 14 15 15     10 21 10 14     20 11 10 21      9 12 11 11     12 17 22 12     10  6 17  9      3  0  3  6 
  1 19  4  0      7 22  9  7     16 13  6 22      9 17 14 13     13 10 21 17     15 15 18 10     17  8 11 15      9 13 21  8     15  6 19 13     15 13  8  6     10 14 11 13     10 13 21 14     11 21  7 13     22 19 22 21      6  8 22 19      3  0  3  8 
  4 20  4  0     17  7 14 20      6  8 12  7     14 22 20  8     21 11 17 22     18 13  7 11     11 14 12 13     21 12  9 14     19 17 21 12      8 11  8 17     11 22 14 11     21 22 11 22      7 15 19 22     22  7 19 17     22 12 16  7      3  0  1 12 
  4 12  5  0     14 17  7 12      6 11 14 17     20  6 14 11     17 20 18  6      7 18  9 20     19  7 20 18      9 20 12  7     21 20 18 20      8 22 16 20     14 10 11 22     11 16  9 10     19  9 10 16     19 19 15  9     16 21 13 19      1  0  2 21 
  5 20  1  0      7 22 10 20     14 10 20 22     14  6  6 10     18 16 20  6      9 18 10 16     20 21 15 18     12 10 17 21     18 13 19 10     15 11 18 13     11 10  8 11      9  7 20 10     10 17 15  7     15 13 16 17     13 15  6 13      2  0  4 15 
  1 19  5  0     10 12 19 19    20  9 21 12    11 19  7  9     20 18 17 19     10 18 18 18     15  7 18 18     17  6 17 19     19 16 21  6     22 14  8 16      8  8 18 14     20  9 18  8     15 17 18  9    16 21 15 17     6 14 20 21      4  0  1 14 
  5 21  2  0     19 10 20 21     21 17 19 10      7 11  6  7     17 11 18 11     18  7 21  9     18 10 13  7     17 21 22 10     21 11  6 21      7 22 16 11     18 14 16 22      6 11 11 14     18 20  7 11     15 11 14 20     20 16 17 11      1  0  4 16 
  2  3  0  0     20  5  0  3     19  3  0  5      6  2  0  3     18  1  0  2     21  4  0  1     13  2  0  4     13  5  0  2      6  5  0  5     16  5  0  5     16  4  0  5     11  5  0  4      7  2  0  5     14  2  0  2     17  1  0  2      4  0  0  1 
