  0  3  2  0      0  4 15  3      0  1 21  4      0  5  9  1      0  1  9  5      0  2 18  1      0  5  7  2      0  4 12  5      0  5 14  4      0  4 11  5      0  5 16  4      0  1 19  5      0  5  7  1      0  3 20  5      0  4 13  3      0  0  1  4 
  2 15  2  0     15 15  9 15     21  6 22 22      9  8  6  6      9  9 17  8     18  7 21  9      7  7 22  9     12 10 16  7     14 11 13 10     11 10 15 11     16 12 14 10     19 11  6 12     22 14 10 11      8 16 22 14     13 21  9 13      1  0  4 16 
  2  8  3  0      9 13 21  8    22 11 12 13     6 21 21 11     17 10  7 21     21 17 13 10     22 12 12 17     16 11 21 12     13 10 15  6     10  6  8 10     14 20 21  6      6 14 11 20     10 20 22 14    22 18 22 20     9 22  6 18      4  0  3 22 
  3 14  5  0     21 20 22 14     12 18 20 19     21 15 13 18      7 18 18 15     13  7 11 18     12 22 20  7     21 11 17 22     15 11 20 11      8 22  8 11     21 10 21 22     11 16  8 10     22  8 13 16     22 16 20  8      6 19 13 16      3  0  5 19 
  5 16  5  0     22 11 17 16     20 16 17 11     13  6 22 16     18 16 20  6     11  7 22 16     20 13  7  7     17 10 12 13     20 21 19 10      8  9 21 21     21 14 12  9      8 16 14 14     13 14 20 16     20  8 18 14     13 13 15  6      5  0  2 13 
  5  6  5  0     17 19 17  6     17 10  6 19     22  7 16 10     20 16 11  7     22 18 14 16      7 22 20 18     12 16  7 22     19 19 11 16     21 15  7 19     12 12 20 15     14 17  7 12     21 12 19 17     18 15  6 12     15 18 10 15      2  0  5 21 
  5 20  5  0     17  8  9 20      6 19  6  8     16 21 13 19     11 22 21 21     14 11 11 22      7 20 10  9      7 18  9 20     11 17 11 18      7 14 20 17     20 15 11 14      7  8 16 15     19 21 21  8      6 19 16 21     10 10 13 19      5  0  2 10 
  5 20  1  0      9 14 18 20     15 18 19 14     13 15 11 18     21 22 15 15     11 22 21 22     10 18 12 22      9  6  8 18     11 14 17  6     20 13 10 14     11 21  7 13     16 14 18 13     21 13 19 14     16 17 15 13     16 15 16 17      2  0  3 15 
  1 15  2  0     18 20 21 15     21 20 18 20     11 10 21 20     15 13  8  6     21 14 10 13     12 12  8 14     8  9  9 12    17 14 13  9     10 21 10 14      7 20 13 21     18  6 17 20     19 12 17  6     15 16  6 12     16 22 19 16      3  0  5 22 
  2 17  1  0     21 12 10 17     18 14 22 12     21 12  9 14      8 22 15 12     10 17 21 22      8 13  6 17      9 12  8 13     13 11 14 12     10 19 13 11     13 15  6 19     17 14 15 15     17 17 12 14      6 17  9 10     19 17 16 17      5  0  2 17 
  1  6  1  0     10 14  6  6     22 20  8 14      9 18  8 20     15 22 13 18     21 22 19 22      6  8  8 22      8  6 16  8     14 18 11  6     13 19 10 18      6 22 18 19     15 10 17 22     12 19 19 10      9  8 18 19     16 14 17  8      2  0  2 14 
  1 19  4  0      6  8 22 19      8 11 11 10      8  9  9 11     13 12 15  9     19 17 18 12      8 11  8 17     16  9 10 11     11 19  7  9     10 21 17 19     18 13 13 13     17 16 20 13     19  9 10 16     18 10 16  9     17 15  7 10      2  0  4 15 
  4 19  4  0     22  7 15 19     11 18 20  7      9 19 19 15     15 11 12 19     18  8 20 10      8 18 14  8      6 16 12 16     15  7  9 16     17 20  7  7     13 19 12 16     20 18 17 19     10 13  7 18     16 14 16 13     16 19  9 14      4  0  3 19 
  4 13  2  0     15 12 14 13    20  9 21 12    19 17 20  9     12  7 12 17     20 18 19  7     14  6 11 11     12 10  8  6      9 20 12  7      7 22 10 20     12 20 11 22     17  7 10 15      7 17 15  7    16 21 15 17     9  6 22 21      3  0  3  6 
  2 21  1  0      6 18  6 21     21  9 16 14     20 14 20  9     12 13  8 14     19  7  9 13     11  6  7  7      8 12  7  6     12 18 14 12     10 18 18 18      8 11 15 17     11  9 12 11     15  9  8  9     15 17 18  9     22  7 19 17      3  0  3  7 
  1  3  0  0      6  2  0  3     16  4  0  2     20  4  0  4      8  1  0  4      9  1  0  1      7  2  0  1      7  1  0  2     14  4  0  1     18  4  0  4     15  1  0  4     12  3  0  1      8  3  0  3     18  3  0  3     19  2  0  3      3  0  0  2 
