[ 0  3  2  0]     0  3  7  3      0  1 12  3      0  5 20  1      0  5 20  5      0  2 10  5      0  2 14  2      0  4 15  2      0  5 16  4      0  3 20  5      0  3  6  3      0  3 18  3      0  4 13  3      0  3 22  4      0  3  8  3      0  0  1  3 
  2 17  1  0      7 12 14 17     12 17 22 12     20 18  6 17     20  9 14 18     10 11 16  9     14 17  6 11     15 13 16 17     16 14 18 13     20 13 10 14      6 17  8 13     18  9 15 17     13 21  8  9     22 11 22 21      8  9  9 11      1  0  5  9 
  1  7  2  0     14 13  9 17    [22 11 12 13]     6 14 18 11     12 12 18 14     16 11 21 12      6 12 19 11     16  6 16 12     18 16 20  6     10 22  7 16      8 13 16 22      7 18 10 13      8 20  9 18    [22 18 22 20]     9  6  8 18      5  0  5  6 
  2 16  4  0      9 18 10 16     12 22 10 18     18 19  6 22     10 20 21 19     21 20 18 20     19 12 18 20     16  9 13 12     20 12  7  9      7 12 17 12     16 13 19 12     10 15  6 13      9  8  9 15     22 10 20  7      8 11 11 10      5  0  4 11 
  4 20  4  0     10  9  7 20     10  6 17  9      6  9  8  6     21  9 16 14     18  7 21  9     18 18 15  7     13  7 11 18      7 11  6  7     17 16 22 11     19  9 10 16      6 22 21  9      9  7  7 22     20 13 21  7     11 14 12 13      4  0  5 14 
  4 15  1  0      7  8 16 15     17  8 11  8      8 18 14  8     14 20  8 18     21 15 18 20     15 21 22 15     11  6 21 21      6 17 19 17     22 21 11 17     10 21 22 21     21 11 22 21      7 22 16 11     21 22 19 22     12 16  7 22      5  0  5 16 
  1  9  5  0     16 15  7  9     11 18 13 15     14 16 22 18      8  8  6 16     18 19  9  8     22  7 15 19     21  6 19 16     19  6  8  6     11 11 14  6     22 12 20 11     22 20  7 12     16 11  7 20     19  7  9 11      7 17 15  7      5  0  2 17 
  5  7  2  0      7 20 13  7     13 17 16 20     22  7 19 17      6  8 12  7      9 21 21  8      6 22 22 21     19  6  8 22      8  8 22  6     14 12 12  8     20 15 12 12      7 10 17 15      7 21 17 10     10 14 10 21     15 15 17 14      2  0  2 15 
  2 13  5  0     13 15  6 13     16 17 16 15     19 10 21 17     12 13 17 10     21 14 10 13     22 12 18 14    [ 8  9  9 12]    22  6 18  9     12 10  8  6     12 19 19 10     17  7 10 15     17 20  7  7     10 18 13 19      6 21  6 18      2  0  5 21 
  5  7  1  0      9 13 19  7     19 14 21 13     21 20 22 14     17  8  9 20     10 11 16  8     18 20  7 11      9 20 14 20     18 17 19 20      8  9  9 17     19 15 11 12     10 17 22 15      7 14 20 17     13 15 12 14      6 12 18 15      5  0  4 12 
  1 19  5  0     19 11 16 19     21  7 13 11     22 20 18  7      9 19 17 20     16 16 22 19      7 12 10 16     14 17 17 12     19 17 16 17     14 11 20  6     18 11 17 11     22 14 11 11     20 21  6 14     12 10 17 21     18 18 18 10      4  0  4 18 
  5 22  3  0     16 13  6 22     13 13 18 13     18 15 22 13     17  8 11 15     22  8 11  8     10 10  6  8     17 13 10 21     16 14 16 13     20 16 13 14     17 11 20 16     11 10 21 20      6 19 17 10     17 18 12 19     18 21 15 13      4  0  1 21 
  3  6  2  0      6 10 14  6     18  8 20 10     22 15 12  8     11 14 20 15     11 13 10 14     13 21  9 13     22 10 17 21     16 12 14 10     13  8 14 12     22 14 10 11     21 12  9 14     17  6 19 12     12 15 16  6     15  9 15 15      1  0  1  9 
  2 21  1  0     14 12  9 21    [20  9 21 12]    12 11 11  9     20 11 15 11     10 19 13 11      9 14 16 19     17  8 16 14     14 22 20  8     14 10 20 22     10 13 19 10      9 12  8 13     19 17 21 12    [16 21 15 17]    15  7 19 21      1  0  2  7 
  1 15  2  0      9 19 19 15     21 21  8 19     11 10 15 11     15 15 18 10     13  8  6 15     16 22 14  8     16 20  8 22     20  7 18  9     20 18 19  7     19 14 15 18      8 16 14 14     21 13 19 16     15  6 19 13     19 13 16  6      2  0  4 13 
  2  3  0  0     19  2  0  3      8  3  0  2     15  2  0  3     18  1  0  2      6  1  0  1     14  4  0  1      8  1  0  4     19  4  0  1     19  4  0  4     15  3  0  4     14  5  0  3     19  3  0  5     19  4  0  3     16  1  0  4      4  0  0  1 
