 0  3  2  0     0  4 15  3      0  4 19  4      0  1 21  4      0  4 16  1      0  4 18  4      0  4 20  4      0  3 22  4      0  5 22  3      0  4 12  5      0  5 14  4      0  1  9  5      0  5  9  1      0  5 16  5      0  4 11  5      0  0  1  4 
  2 16  4  0     15  7  9 16     19 17 22  7     21 22 10 17     16 13  6 22     15 11 18 13     20 16 17 11     22 11 17 16     22 14 11 11     12  9 21 14     14 21 12  9      9  6 22 21      9  7  7 22     16 10 22  7     15  6 13 10      1  0  1  6 
  4 15  1  0      9 13 12 15    22 11 12 13    10 21 20 11      6 18  6 21     18 18 10 18     17  7 10 15     17 15  7  7     11 14 20 15     21 20 22 14     12  8 22 15     22 19  6  8      7 20 18 19    22 18 22 20    13  7 11 18      1  0  5  7 
  1 14  4  0     12 12 18 14     12 16 11 21     20  8 22 16      6  6  9  8     10 14  6  6     18 20  9 14      7 22 10 20     20 18  7 22     22 19 16 16     22 21 22 19      6 14 20 21     18 11  6 14     22 21 22 11     11 17 22 21      5  0  2 17 
  4 13  3  0     18 15 22 13     11 11 10 15     22 21 21 11      9 16 14 21      6 19 13 16      9 14 16 19     10 20 22 14      7 12 22 20     16  6 16 12     22 22 21  6     20  8 14 22      6 19  6  8     22  7 15 19     22 16 11  7      2  0  5  7 
  3  8  3  0     22  8 11  8     10 10  6  8     21 22 21 10     14 10 11 22     13  7 18 10     18 20 19 12     22 12 16  7     22 10 18 12     17 20  7  7     21 19 10 20     14 20  9 20      6 18 16 20     15  7 18 18     11  6  7  7      5  0  5  6 
  3  6  2  0     11 11 14  6      6 21 21 11     21  8 19 21     13  9 12  8     18 10 16  9     19 13 11 10     16 22  8 13      6  8  8 22      7 20 10  9     10 18  8 20      9 15 17 18     16  6 12 15     18  7 21  9      7 20 13  7      5  0  5 20 
  2 18  1  0     14 16 22 18     21 13 19 16     19 10 18 13     12 13 17 10     16 14 16 13     11 20  6 14      8 17  8 11      8 13  6 17     10 21 17 13      8  9 13 21     17  6 11 14     12 18 15  6     21 15 13 18     13 13 15  6      5  0  2 13 
  1  9  1  0     22  6 18  9     19 17 10  6     18 12 19 17     17  6 19 12     16  8  8  6      6 12 10  8     8  9  9 12     6  8 18  9      9 20 17  8     21 20 18 20     11 15 11 20     15 18 10 15     13 16 14 18     15  7  8 16      2  0  1  7 
  1 12  3  0     18 14 22 12     10 13 21 14     19 12 16 13     19 17 21 12      8  9  9 17     10 16 19  9      9 10 11 16     18 14 20  8     17  7 12 14     18  9 20  7     11  8  9  9     10 11 16  8     14 12 13 11      8 14 12 12      1  0  2 17 
  3  6  3  0     22 18 19  6     14  8  8 18     16 14 14  8     21 13 19 14      9 17 14 13     19 17 16 17     11 18 11 17     20 21 15 18     12 10 17 21     20 17  7 14      9 10  6 17     16 12 14 10     13  8 14 12      6 15 13  8      2  0  1 15 
  3 18  3  0     19 14 15 18      8 16 22 14     14 17  8 16     19 10 21 17     14 10 21 10     16  7 12 10     11 13 10 14     15  6 19 13     17 20 18  6      7 11 18 20      6 12 19 11     14 13 15 12     14 20 16 13     13 21  7 20      1  0  2 21 
  3 19  4  0     15 11 12 19     22 12 20 11      8 11 15 17     21  7 13 11     21 17 10  7     12  7 12 17     10 17 15  7     19 20 18 17     18  8 20  9     18 19  9  8     19 15  9 19     15 17 14 15     16 15 16 17      7 19 21 15      2  0  3 19 
  4 15  2  0     12 12 20 15    20  9 21 12    15  9  8  9     13 19  7  9     10 12 19 19     12 17 22 12     15 13 16 17     18 13 13 13     21  9 13 13      9 11 19  7      9 12 11 11     14 17 17 12    16 21 15 17    21  8  9 21      3  0  2  8 
  2  7  1  0     20 16 11  7     21  6 19 16      8 12  7  6      7  9 20 12     19 17 20  9      6 17 19 17     16 20 13 17     13 10 14 20     13 19 10 10     19 11 16 19     11 10  8 11     17 22 15 10     15 15 21 22      9 15 15 15      2  0  3 15 
  1  3  0  0     14  5  0  3     19  3  0  5      7  3  0  3     20  5  0  3     20  1  0  5     19  4  0  1     13  2  0  4     14  2  0  2     10  5  0  2     16  4  0  5      8  1  0  4     19  5  0  1     21  2  0  5     15  2  0  2      3  0  0  2 
