 0  3  2  0     0  3  7  3      0  2  8  3      0  2 15  2      0  1  7  2      0  4 15  1      0  5 14  4      0  3 20  5      0  4 15  3      0  4 19  4      0  1 21  4      0  1  9  1      0  1  6  1      0  2 17  1      0  4 13  2      0  0  1  4 
  2 17  5  0      7 14 20 17      8 16 22 14     15 11 14 20      7 22 16 11     21 11 17 22     14 17  6 11     20  9 19 17     15  7 18 18     19 17 22  7     21 12 10 17      9 14 21 12      6 11 11 14     17 16 22 11     13 16 14 16      1  0  4 16 
  5  7  1  0     20 13  7  7    22 11 12 13    11 10 15 11     16  7 12 10     17 20  7  7      6 18 16 20     19  9  8 18     18  8 20  9     22 19  6  8     10 21 17 19     21  8  9 21     11 20 11 15    22 18 22 20    14 16 22 18      4  0  5 16 
  1 15  2  0      7  7 17 15     12 14 17  7     15 18 19 14      9 15 17 18      7 11 18 13     16  8 10 11      8 22  6  8     20  8 14 22      6 19  6  8     17 21 12 19      9 16 14 21     11  7 20 16     22  9  7  7     22  6 18  9      5  0  5  6 
  2 16  4  0     17 15 13 16     17  7 10 15     19 21 15  7     17 10  7 21     18 18 18 10     10 16  9 18      6 16 12 16     14 14  8 16      6  6 10 14     12 19 11  6     14 21 13 19     20 22 14 21      7 15 19 22     18 10 15 15      5  0  2 10 
  4 13  3  0     13 18 13 13     22 16 20  8     15  7  9 16      7 11  6  7     18 11 17 11      9 12 11 11     12 18 14 22      8 20 10 18     10 17 15  7     11 20 16 17     13 21  7 20     14 12  9 21     19 15 11 12     15 15  9 15      2  0  3 15 
  3  8  3  0     13  9 12  8     20  7 18  9      9 11 19  7      6 14 18 11     17  8 16 14     11  8 17  8     21 22 15 15     10 18 12 22     15 22 13 18     16 13  6 22      7 18 10 13      9 13 21  8     11 10 19 13     21  6 22 22      3  0  3  6 
  3 19  4  0     12 17  6 19     18 12 19 17      7  9 20 12     18  7 21  9     16 10 22  7     17 22 15 10     15 12  8 22     12 18 14 12     13 16 14 18      6 19 13 16     10 20 21 19     21  6 14 20     19 17 10  6     22 12 12 17      3  0  1 12 
  4 15  2  0      6 13 13 15     19 12 16 13     20 11 22 12     21  7 13 11     22 20 18  7     15 12 12 20     8  9  9 12    14 16 19  9     14 20 16 13     13 10 14 20     21 10 21 22     14 11 13 10     10  8 11 11     12  7  6  8      1  0  2  7 
  2 18  1  0     13 19 10 18     16 21 13 19     22 10 17 21     13  8  6 15     18 14 20  8     12 13  8 14      9 17 14 13     19 17  6 17     16 17 19 17     14 11 11 22     21 12 16 11     13 11 14 12     22 21 21 11      6 19 16 21      2  0  3 19 
  1 14  4  0     10 13 21 14     13 21  9 13     17 13 10 21      6 17  8 13     20 18 17 19      8  9  9 11      6  8 18  9      6 12 10  8     19 19 10 12     11 16 19 19     16 22 19 16     14 10 11 22     21 10 14 10     16 19  9 10      3  0  5 19 
  4 20  4  0     21 15 18 20      9  8  9 15     11  8 22  8      8  6 16  8     17 20 18  6      9 20 14 20     18 19  7 20     10 10 13 19     10  6  8 10     19 13 15  6     19  7  9 13     11 18 20  7     14  8  8 18      9  9 17  8      5  0  1  9 
  4 11  5  0     18 13 15 11      9  7 20 10     22 10 20  7     16 12 14 10     18 15  6 12     14 18 20  9      7 12 22 20     13 17 10 12     16 15 16 17     15 17  8 11      9 10  6 17     20 22 14 10      8 13 16 22     17 16 20 13      1  0  4  8 
  5 20  5  0     12 12  8 14    20  9 21 12    20 17  8  9     14 15 15 17      6 13 10 15     20 21 20 18     22 11 22 21     10 21 20 11     16  7 22 12      8 16 15  7      6 12 15 16     14 17 17 12    16 21 15 17     6 18  6 21      4  0  4 18 
  5  9  1  0      8  6  6  9     21 21 11  6      8 19 21 21     15  9 19 19     10 11 16  9     20  6 14 11     22 18 19  6     20 19 12 18     22 21 22 19     15 13 18 21     15 12 14 13     17 12  7 12     15  9 13 12      6 22 21  9      4  0  3 22 
  1  3  0  0      6  2  0  3     14  2  0  2     21  1  0  2     19  5  0  1     16  5  0  5     20  1  0  5     19  4  0  1     12  5  0  4     22  3  0  5     18  3  0  3     14  5  0  3      7  2  0  5     13  5  0  2     21  2  0  5      3  0  0  2 
