 0  3  2  0     0  3  7  3      0  3 18  3      0  4 13  3      0  5 16  4      0  2 13  5      0  1  7  2      0  4  8  1      0  3 19  4      0  4 15  3      0  1 14  4      0  4 15  1      0  5 14  4      0  4 11  5      0  4 20  4      0  0  1  4 
  2 17  1  0      7 12 14 17     18 14 22 12     13  9 17 14     16  9 10 11     13 21  8  9      7 13 11 21      8 11  8 17     19  7  9 11     15 19 22  7     14 21 13 19     15 18 20 21     14 16 22 18     11  7 22 16     20 16 11  7      1  0  4 16 
  1 12  3  0     14 13 15 12    22 11 12 13    17 22 21 11     10 20  7 22      8 18 14 20     11 17 11 18      8  9 20 17      9 11  8  9     22 12 20 11     13 17 10 12     20  7  7 17     22 20 18  7    22 18 22 20    11  6 14 18      4  0  4 19 
  3 15  2  0     15 21 22 15     12 10 17 21     21 17 13 10      7 10 15 17     14 11 13 10     11 10 15 11     20 21 19 10      8 19 21 21     20 18 17 19     10 15 15 18      7  9 16 15     18  8 20  9     22 16 20  8     14 21  9 16      4  0  1 21 
  2 21  1  0     22 10 17 21     17 15  7 10     13 21  7 20     15 13 18 21     13 15  6 13     15 17 14 15     22 22 21  6      8 11  8 22     17 16 22 11     22  8 13 16     16 14 14  8     20 17  7 14     20 18  6 17      9 20  7 18      1  0  5 20 
  1  6  1  0     17 19 17  6      7  9 13 19      7  7 22  9     18 18 15  7      6 21  6 18     14 10 13 21     21 12 19 17      8 14 12 12     22 12 12 17     13 11 14 12     14 20 15 11      7 11 18 20      6  7  7 11      7 20 13  7      5  0  3 20 
  1 19  5  0     17 10  6 19     13  7 18 10     22 12 16  7     15  9 13 12      6 22 21  9     13 18 15 22     20 21 20 18     12 16 11 21     12 16  6 16     14 18 13 16     15  6 12 18     18 16 20  6      7 12 10 16     13  8 14 12      3  0  3  8 
  5  7  2  0      6  8 12  7     18 19  9  8     16 16 22 19     13 16 14 16     21 13 19 16     15  6 19 13     12 10  8  6     11 22 14 10      6  8  8 22     13  9 12  8     12 11 11  9     20 11 15 11     10 21 20 11     14  6  6 10      3  0  3  6 
  2 15  2  0     12 12 20 15      9 21 14 12     22 11 22 21     14  6 11 11     19 13 16  6     19 12 16 13     8  9  9 12    14 21 12  9     21 11 22 21     12 19 15 11     11  6 12 19     15  7  8 16     20 10  9  7      6  8 10 10      3  0  2  8 
  2 14  2  0     20 13 10 14     14 20 16 13     22 14 21 20     22 20  8 14     16 17 11 20     16 17 19 17      9 10  6 17     12 19 19 10     22 21 22 19     15 16 17 16     12 14 10 16      8  8 18 14      9  9 17  8     10 16 19  9      2  0  3 19 
  2 17  5  0     10  7 21 17     16 10 22  7     21 10 14 10      8 11 11 10     11 22 14 11     19  6  8 22      6  9  8  6     19 17 20  9     22 15 10 17     17  8 11 15     10 11 16  8     18 13 15 11     17 16 20 13     19 19 11 16      3  0  5 19 
  5 20  5  0     21  6 14 20     22 18 19  6     14 12 12 18     17  6 19 12     11 14 17  6      8 16 22 14      8  8  6 16     20 10 18  8     10 13 19 10     11 10 19 13     16  9 18 10     15 17 18  9      8 13  6 17      8  6 15 13      5  0  5  6 
  5  9  1  0     14 18 20  9     19  7 20 18     12 17 12  7     12 14 17 17     17  8 16 14     22 15 12  8     16  6 12 15     18  9 22  6     13 13 21  9     19 10 18 13     18 12 22 10     18 20 19 12      6 19 16 21     15  9 15 15      5  0  1  9 
  1  9  1  0     20 12  7  9    20  9 21 12    19 19 15  9     17 22  7 19     16 13  6 22     13 18 13 13      7 21  9 18     22 21 10 21     21  8  9 21     18  9  6  8      8  9 15  9     19 17 18 12    16 21 15 17    15  7 19 21      1  0  2  7 
  1 15  2  0      7 12 22 20      7 17 15  7     15 13 16 17      7 11 18 13      6 21 21 11     17 19 10 21      9 14 16 19     10 20 22 14      9 20 14 20      6 14 11 20     15 18 19 14     18 10 18 18     15  6 13 10     19  6  8  6      2  0  3  6 
  2  3  0  0     22  4  0  3     15  2  0  4     16  4  0  2     12  5  0  4     21  2  0  5     10  5  0  2     16  5  0  5     22  3  0  5     14  5  0  3      7  1  0  5     19  4  0  1     18  4  0  4     13  2  0  4     18  1  0  2      3  0  0  1 
