  0  3  2  0      0  4 15  3      0  3 22  4      0  4 13  3      0  4 18  4      0  5 16  4      0  5  6  5      0  2 13  5      0  2 14  2      0  3 19  2      0  3  8  3      0  3 18  3      0  3  7  3      0  5 19  3      0  3 20  5      0  0  1  3 
  2 15  2  0     15 15  9 15     10 17 22 15     13 15  6 19     18 10 15 15     16 12 14 10      6 17 19 17      8  9  9 17     14 21 13 19     19 17 10  6      8 11  8 17     18 18 18 10      7 21  9 18      6 22 22 21     20  7 12 22      1  0  5  7 
  2  7  1  0      9 13 19  7    22 11 12 13     6 14 18 11     15 18 19 14     21 17 10  7     19 10 21 17      9  7 20 10     15 19 22  7     10 18 13 19     20 21 15 18     18  7 22 20      9 20 12  7    22 18 22 20    12 19 17 18      5  0  1 19 
  1 15  2  0     12  8 22 15     12  7  6  8      7 17 15  7      6 19 12 17     10 10 13 19     21 10 14 10     20  7 22 10     22 16 11  7     14 18 13 16     15  6 12 18     22 18 19  6      9 20  7 18     22 14 21 20     17  6 11 14      1  0  1  6 
  2 21  1  0     22 10 17 21      6 17  9 10     15  7 10 17     12 10 16  7     13  7 18 10     14 16 13 16     22  8 13 16     11 15 17  8     13 18 13 13     12 22 10 18     19  6  8 22     10 14  6  6     21 21  8  9     11 22 21 21      1  0  2 18 
  1 19  4  0     17 22  7 19      9  7  7 22     10 15 17  7     16 17 16 15     18  9 15 17     13 12 15  9     13 11 14 12     17 16 22 11     13 14 20 16     10 11 22 14      8 22  8 11      6 18  6 21      8 20  9 18     21  6 14 20      2  0  3  6 
  4 12  5  0     12 18 14 12      7  7 17 20     17 19 20 18     16 21 13 19     15 13 18 21     15  9  8  9     14 21 12  9     22 11 22 21     20  8 18 14     22 16 20  8      8 10 11 16      6  8 10 10      9 20 17  8     14 22 12 18      3  0  5 22 
  5 21  2  0     14 10 13 21     17 21 12 10     20 11 10 21     13 10 14 11     18  8 20 10      8  6 16  8     12 10  8  6     22  7 16 10     18 18 15  7     20  7 11 18     11 18 13  7     10 16  9 18     17 11 20 16     12 19 15 11      5  0  3 14 
  2 16  4  0     13  6 22 16     12 19 11  6     10 12 19 19     20 11 22 12     20  6 14 11     16 12 16  6     8  9  9 12    16 14 21  9     15 15 17 14     11 20 11 15     13  7  7 20      9 16 15  7     20 13 17 16     15  6 13 13      3  0  3  6 
  4 19  4  0     22 21 22 19     11  6 21 21     19 16 21  6     22 18 14 16     14  8  8 18     16 15  7  8      9 19 19 15     21 12 19 17     17 22 12 12     11 17 11 18      7 12 14 17     15 16  6 12     17 15 13 16     13  8  6 15      3  0  2  8 
  4 15  1  0     22 13 18 15     21  9 13 13     12 11 11  9     14  6 11 11      8  6 19  6      7  9 11 19     19 17 20  9     19 17 16 17     12 14 17 17     20  9 20 14     14 16 19  9      6 19 13 16     13 11 10 19      6  7  7 11      2  0  1  7 
  1 12  3  0     18 20 19 12     13 10 14 20     11 16  9 10     11  7 20 16     19 21 15  7     11 17 22 21     20 18  6 17     16 20  6 18     17  7 14 20     20 18 19  7     19  9  8 18     13 21  8  9     10 21 22 21      7 20 13 21      1  0  5 20 
  3 15  2  0     19  9 10 16     14 18 20  9      9 22  6 18     20  8 14 22     19 21 21  8     22 15 15 21      6 13 10 15      6 17  8 13     14 13  9 17     19 12 16 13      8 14 12 12      8 16 14 14     22 19 16 16     11 16 19 19      5  0  5 16 
  2 17  5  0     10 12 13 17    20  9 21 12     6 22 21  9     14 10 20 22     21 17 13 10     15 11 11 10     10  8 11 11     22  6  8  8      9  8  6  6     16 22 14  8     12 16  7 22     14 17  8 16    16 21 15 17    19 10 20 21      5  0  2 10 
  5  7  2  0     13 11 21  7     21 12 16 11      9 21 14 12     20 18 20 21     13 15 11 18     11 14 20 15     11 11 22 14      8  9  9 11      6  8 18  9     14 12 13  8      7 12 17 12      8 13  9 12     15 12 14 13     20 15 12 12      2  0  4 15 
  2  3  0  0     19  4  0  3     16  1  0  4     14  4  0  1     20  4  0  4     11  5  0  4     20  5  0  5      9  1  0  5      9  1  0  1     21  4  0  1     13  2  0  4     17  1  0  2      9  5  0  1     14  4  0  5      8  1  0  4      4  0  0  1 
