 0  3  2  0     0  1 12  3      0  5 20  1      0  5 20  5      0  4 11  5      0  1 21  4      0  4  8  1      0  5 14  4      0  5 16  5      0  2 10  5      0  3 15  2      0  4 13  3      0  3 19  4      0  3  6  3      0  3  7  3      0  0  2  3 
  2 14  2  0     12 12 18 14     20 11 22 12     17 16 22 11     11 21 12 16     21 11  6 21      8 22  8 11     14 10 20 22     16 19  9 10     10 20 21 19     15 12 12 20     13  8 14 12     19 21 21  8      6 22 22 21      7 16 10 22      2  0  3 19 
  2 13  5  0     18 13 13 13    22 11 12 13    22 14 10 11     12 13 11 14      6 17  8 13      8 16 14 17     20  8 22 16      9 15  9  8     21 22 15 15     14 21 20 22     14 10 13 21     21 20 11 10    22 18 22 20    10 15 15 18      3  0  4 15 
  5 22  3  0     13 18 15 22     12 19 17 18     10 10 13 19     11 16  9 10      8 10 11 16     14 11 13 10     22 21 22 11      9 16 14 21     15  7  8 16     20 16 11  7     13  6 22 16     11 11 14  6     22 14 11 11     15 18 19 14      4  0  4 18 
  3 18  3  0     15  7 18 18     17 20  7  7     13  7  7 20      9 11 19  7     11 10 15 11     13  7 18 10     22 12 16  7     14 17 17 12      8 11 15 17     11 10  8 11     18 18 18 10     14 20  8 18     11 18 13  7     19 19 10 12      4  0  1 19 
  3 20  5  0     18 20 21 20      7 12 22 20      7 12 17 12     19 11  6 12     15 11 20 11     18 13 15 11     16  6 19 13     17 20 18  6     15 11 14 20      8 17  8 11     19 17 16 17      8  9  9 17     13 21  8  9     10 21 22 21      1  0  2 21 
  5  7  1  0     21 17 10  7     22 12 12 17     17 22 15 10      6  8  8 22     20 10 18  8     15 17 14 15     19 20 18 17     18 20 21 15     14 20  9 20      8 13  9 12     16  9 18 10      9 11  8  9      8  6 15 13     22 15 12  8      2  0  4 15 
  1  9  5  0     21 21  8  9     12  7  9 20     15 19 22  7     17 10  6 19     18 13 19 10     14 20 16 13      9 18  8 20     21 15 13 18      9 13 12 15      9 17 14 13     19 17  6 17     22 21 11 17     15  7 19 21     12 14 17  7      4  0  1 14 
  5  6  5  0      8 10 10  6      9  7 20 10     22 10 20  7      6 17  9 10     19 10 21 17     16 12 14 10     8  9  9 12    13 19  7  9     12 18 20 19     14 16 22 18      6 16 12 16     11  7 22 16     19 17 22  7     15  7  7 17      1  0  2  7 
  5 21  2  0     10 14 10 21     20 13 10 14     20 18 19  7      9 22  6 18     19 22 21 22     14  8 16 22      9 20 17  8      7 18  9 20     20  7 11 18     22  9  7  7     12 11 11  9     22 21 21 11      9  6 22 21      7  7 11  6      2  0  1  7 
  2 17  5  0     10 12 13 17     10 16  7 12     19  6  8  6      6  9  8  6     21 14 12  9     16 19  9 14     17 21 12 19      9 13 13 21     11 10 19 13     15 17  7 10     11 20  6 14     21  6 14 20     22 18 19  6     11  6 14 18      1  0  1  6 
  5 19  3  0     13 15  6 19      7 10 17 15      8  6 12 10      8 22 19  6     12 18 14 22      9 14 18 20     12 12  8 14     13 19 12 16     19 15  9 19      7  9 16 15      6  8 18  9     14 22 20  8     19 16 16 22     14 18 13 16      1  0  2 18 
  3  8  3  0      6 16  8  8     17 11 20 16     12 19 15 11     19 11 16 19     14 17  6 11     18  9 15 17      8 18 19  9     12 22 10 18      9 18  7 21     16 20  6 18     18  7 22 20     20 13 21  7     16 14 16 13     13 15 12 14      2  0  1 15 
  3  6  2  0      8 12  7  6    20  9 21 12    15 15 15  9     16  6 12 15      6 10 14  6     15  6 13 10     19 12 17  6     10 17 21 12     11 18 11 17      6 21  6 18     22 10 17 21     21 17 13 10    16 21 15 17    12  9 14 21      1  0  5  9 
  2 17  1  0      7 14 20 17     21 13 19 14     15  6 13 13     12 18 15  6     14  8  8 18     13 16 22  8     17 16 15 16     21 13 19 16     11 21  7 13      6 19 16 21     17 20  9 19     13 17 16 20     15 13 16 17     14 14  8 16      5  0  3 14 
  1  4  0  0     20  4  0  4     19  4  0  4     13  2  0  4     15  2  0  2      8  3  0  2     22  4  0  3     15  1  0  4     19  5  0  1      7  2  0  5     16  4  0  2     12  5  0  4     16  4  0  5     16  1  0  4      9  1  0  1      3  0  0  1 
