  0  1  3  0      0  2 17  1      0  5 21  2      0  5 20  5      0  5 16  5      0  2 10  5      0  4 13  2      0  5 16  4      0  4 11  5      0  4 19  4      0  1 21  4      0  1  6  1      0  4  8  1      0  4 20  4      0  3 22  4      0  0  2  3 
  3 20  5  0     17  8  9 20     13 16 22  8     20 13 17 16     16 14 16 13     10 13 21 14     13 18 21 15     16 20  6 18     11 15 11 20     19 22  7 15     21 11 17 22      6 14 18 11      8 16 14 14     20  8 22 16     22 15 12  8      2  0  4 15 
  5  6  5  0     13 13 15  6    22 11 12 13    11 14  6 11     16 22 18 14     21 10 21 22     21 20 11 10      6 14 11 20     11 13 10 14      7 11 18 13     17 11 18 11     18 13 15 11     14 20 16 13    22 18 22 20    12 19 17 18      4  0  1 19 
  5 14  4  0     15 15 17 14     12 14 13 15      6  6 10 14     18  6 21  6     21 15  7 19     11 11 10 15     14 20 15 11     10  9  7 20     18  8 20  9     18  9  6  8     15 15 15  9     13  8  6 15     22  6  8  8     17  9 10  6      1  0  1  9 
  4 15  3  0     17  7 10 15     13 11 21  7     10 19 13 11     21 21  8 19      7 12 14 17     10 17 21 12     15  7 10 17      7 20 13  7     18 17 19 20      6 17 19 17     15 13 16 17      6 22 16 13      8  9  9 17     10 16 19  9      1  0  5  9 
  3  8  3  0     10 11 16  8     21 12 16 11     13 11 14 12      8 16 14 17     14 21  9 16     21 11 22 21     10  8 11 11     13  6 17  8     19  6  8  6     19 17 10  6     21 12 19 17     16  7 22 12      9 16 15  7     19  9 14 16      5  0  1  9 
  3 15  2  0     16  6 12 15     16  8  8  6     14 12 13  8     14 18 13 16      9 20  7 18     22 14 10 20     11 11 22 14     14 20 21  6     13 10 14 20     10 13 19 10     19 16 21 13     12 14 10 16     15 18 19 14     14 20  8 18      1  0  5 20 
  2 18  1  0     20 21 20 18      8  9 13 21     13 13 21  9     13 13 18 13      7 18 10 13     10 16  9 18     22 14  8 16     20  9 20 14     14 21 12  9     19 10 20 21     21 17 13 10     10 12 13 17     19 19 10 12      8 14 12 12      5  0  3 14 
  1 12  3  0     16  6 16 12     13 10 15  6     21 17 19 10     18  9 15 17     10 11 16  9      9 12 11 11     8  9  9 12    20 12  7  9     12 18 14 12     20  9 14 18     13  9 12  8     13 12 15  9     10  8  6 12     12  7  6  8      3  0  3  7 
  3 19  2  0     16 16 22 19     15 16 17 16     19 19 11 16     12 17  6 19     16 22 11 17     11 22 21 22      9  7  7 22      7 11  6  7     22 12 20 11     14 17 17 12     12 19 11  6     15 11 12 19      6 21 21 11      6 22 22 21      3  0  5 22 
  2 21  1  0     22 15 15 21     17  8 11 15     11  8 22  8      6  6  9  8     11 14 17  6     21 13 19 14     19 10 18 13      6  8 10 10     20 10 18  8     17 21 22 10     14 12  9 21     12 20 15 12     21 15 18 20     22 13 18 15      5  0  2 13 
  1 19  5  0     15  9 19 19     11 19  7  9     22 21 22 19      9  6 22 21     17 20 18  6     19 12 18 20     18 14 22 12     10 11 22 14     18 20  7 11     15  7  8 16      9 13 19  7     15 10 17 22     18 12 22 10     18 15  6 12      2  0  2 15 
  5  7  2  0     19 17 22  7      7 14 20 17     22 20  8 14     18  7 22 20     18 14  8  8     13  9 17 14     22  6 18  9     22 18 19  6      7 21  9 18      8  9 21 21     19 17 20  9     17 10  7 21     22  7 16 10     17 15  7  7      2  0  1 15 
  2 17  5  0     22 12 12 17    20  9 21 12     8  9 15  9     22 19  6  8     12 16 13 19     17 11 20 16     18 18 10 18     19  9  8 18      9 11  8  9      7 22 16 11     20  7 12 22      7 17 20  7    16 21 15 17     7 20 13 21      1  0  4 15 
  5  7  1  0     12 10 16  7     21 10 14 10     15 15 18 10      6 19 13 15     16 21  6 19     20 22 14 21     10 20  7 22     16 11  7 20      8 17  8 11     16 17 19 17     12  7 12 17     20 18 19  7     15  7 18 18     13 16  6 19      4  0  2 16 
  1  4  0  0     16  1  0  4     14  4  0  1     18  4  0  4     13  3  0  4      6  2  0  3     14  2  0  2      7  1  0  2      7  2  0  1      8  3  0  2     19  4  0  3     12  5  0  4     19  3  0  5     18  3  0  3      6  3  0  3      2  0  0  3 
