  0  1  4  0      0  5  9  1      0  5 16  5      0  2 17  5      0  1  7  2      0  2 21  1      0  4 13  2      0  4 18  4      0  2 16  4      0  1 15  2      0  4 15  1      0  1 14  4      0  1  9  1      0  5 20  1      0  3 20  5      0  0  2  3 
  4 20  4  0      9 20 14 20      7 12 22 20     17 12  7 12      7  6  8 12     21  6 18  6     13 13 15  6     18 13 13 13     16 22  8 13     15 12  8 22     15  9 13 12     14 16 19  9      9 10 11 16     20  7 22 10     20 15 12 12      2  0  3 15 
  4 12  5  0     14 13 15 12    22 11 12 13     8 17  8 11      8  9 20 17     18  8 20  9     18  9  6  8     13 13 21  9      8 14 12 13      8  8 18 14     13  9 12  8     19 17 20  9     11 20 16 17    22 18 22 20    12 19 17 18      3  0  1 12 
  5  6  5  0     22 21  9  6     12  9 14 21      8 18 19  9     20 21 15 18     20 22 14 21      6  8  8 22      6 12 10  8     12 18 14 12     18 10 18 18     12 19 19 10     20  6 18 16     13 10 15  6     22 11 22 21     17 16 22 11      1  0  4 16 
  5 14  4  0      9 15 17 18     14  8 16 22     19 21 21  8     15  7 19 21     14 20 17  7      8 14 22 20     10 10 13 19     14 20 13 10     18  6 17 20     19  6  8  6     13 19  7  9     15 11 12 19     22 21 21 11     22 21 10 21      4  0  1 21 
  4 15  2  0     17  8 11 15     16  7 22 12     21 17 10  7     19 10 21 17     17 22 15 10     22 21  6 22     13 16  6 19     13 19 12 16     17 10  6 19      8 11 11 10      7 22 16 11     12 18 14 22     21 15 13 18      7  8 16 15      1  0  4  8 
  2 15  2  0     22 13 18 15     22 14 11 11     10 13 21 14     21  7 20 13     15 19 22  7      6  8 22 19      6  6  9  8     12 15 16  6      6 19 13 15     11  6 12 19     16 12 16  6      9 21 14 12     13 19 16 21     16 16 22 19      4  0  5 16 
  2  8  3  0     18 14 20  8     11 20  6 14     18  7 22 20     20 10  9  7     22  7 16 10     22  9  7  7      9 11  8  9     16  8 10 11     13  6 17  8      9  9 17  8     16 15  7  9      9  8  9 15     16 14 14  8     17 20  7  7      5  0  5 20 
  3  8  3  0     20 10 18  8      6  8 10 10     22  8 11  8      9 13 21  8     16 17 15 13      7 12 14 17     8  9  9 12    10 16 19  9     17 19 17 16     17  6 17 19      7  7 11  6      9 11 19  7     14 12 13 11      7  9 20 12      5  0  1  9 
  3 22  4  0     18 14 16 22     10 16 12 14     11  7 20 16     21  9 18  7     15 15 15  9     14 16 13 16      9 18 10 16     19  7 20 18     17 15  7  7     17  7 10 15     11 18 13  7     19 14 15 18     13  9 17 14     20  7 18  9      1  0  5  7 
  4 19  4  0     16 21  6 19     12 16 11 21     20 11 10 21     18 11 17 11     15 11 20 11     13 10 14 11     10 20 22 14     20 16 13 14      7 12 10 16     10 17 21 12     13 10 21 17     15 15 18 10     17 14 15 15     18 13 16 14      5  0  2 13 
  4 11  5  0      6 21 21 11     11 17 22 21     10 12 13 17     17 16 15 16      8  8  6 16     14 12 12  8     22 10 18 12     13  7 18 10     10 17 15  7     21 22 10 17     21 22 19 22     18 19  6 22     15  9 19 19     16 14 21  9      2  0  2 14 
  5 21  2  0     21  8  9 21     22 16 20  8     13  6 22 16      6 10 14  6      6 17  9 10     12 14 17 17     18 11  6 14     18 20  7 11     15 11 14 20     10 15 11 11     19 17 22  7      6 19 12 17     19 11 16 19     21  7 13 11      2  0  5  7 
  2  7  1  0      9 12 11 11    20  9 21 12    22  6 18  9     14 20 21  6      9 14 18 20     17  8 16 14      6 15 13  8      7 18 18 15     13 19 10 18     13 11 10 19     22 12 20 11     12 17 22 12    16 21 15 17    13 19 14 21      5  0  1 19 
  1  6  1  0     11 11 14  6     21 12 19 17     18 20 19 12     21 20 18 20     18 17 19 20     16 20 13 17     13  7  7 20     18 15  6 12     10 14 10 21     10 11 22 14     20 21 19 10     22 15 15 21     15 11 18 13     14 17  6 11      1  0  2 17 
  1  3  0  0     14  5  0  3     19  3  0  5     19  2  0  3     18  1  0  2     19  4  0  1     13  3  0  4      7  3  0  3      6  2  0  3     10  5  0  2     22  3  0  5     19  4  0  3     15  3  0  4     18  3  0  3      6  3  0  3      2  0  0  3 
