  0  3  2  0      0  1 12  3      0  5 20  1      0  5 20  5      0  4 11  5      0  5 14  4      0  5  6  5      0  3 14  5      0  3  7  3      0  5 22  3      0  4 12  5      0  2 16  4      0  1 15  2      0  2 18  1      0  3  6  2      0  0  2  3 
  2 15  2  0     12 12 20 15     20  8 22 16     20 10 18  8     11 16  8 10     14 17  8 16      6 11 14 17     14 20 15 11      7 17 20  7     22  7 19 17     12 14 17  7     16 13 16 14     15 12 14 13     18 14 22 12      6  6 10 14      2  0  4 15 
  2 14  2  0     20 13 10 14    22 11 12 13    18 11 17 11      7 20 16 11      9 18  8 20     14 16 22 18     12 14 10 16     20  8 18 14     19 21 21  8     17 10  7 21     16  7 12 10     14 20 17  7    22 18 22 20    10 16  9 18      4  0  5 16 
  2 17  1  0     10 12 13 17     12  8 14 12     17  8 11  8     16 22 14  8      8 11  8 22     22 14 10 11     10 20 22 14     18 20 21 20     21  6 14 20      7  7 11  6     12 17 12  7     17 12 14 17     22 20  7 12     14 20  9 20      5  0  3 20 
  1 19  4  0     13 11 10 19     21 12 16 11     11 11  9 12     14 12 13 11     20 11 22 12     10  8 11 11     22 15 12  8     21 22 15 15     14 11 11 22     11 14  6 11     12  9 21 14     14 16 19  9     13  6 22 16      9  8  6  6      3  0  3  8 
  4  8  1  0     10 10  6  8     16 19  9 10     17 20  9 19     13 21  7 20     22 21 10 21     11 22 21 21     12 16  7 22     15  7  8 16     11 18 13  7      6 17 20 18     21 12 19 17     19 17 18 12     22 15 10 17      6 19 13 15      3  0  5 19 
  1 19  5  0      6  8 22 19      9 20 17  8     13 17 16 20     18  9 15 17     10 11 16  9     21  7 13 11      7 22  9  7      8 13 16 22     13 18 13 13     20 19 12 18     19 11 16 19     18 13 15 11     10 21 17 13     15 13 18 21      5  0  2 13 
  5 16  5  0     22 19 16 16     17 10  6 19     16 15 16 17     15 17 14 15     16 22 11 17     13 13 21  9      9 12  8 13     16  6 16 12     14 22 20  8     12 12 17 22     16 13 19 12     15  6 13 13     17  9 10  6     18  7 21  9      2  0  1  7 
  5  9  1  0     16 15  7  9      6 13 10 15     16  6 19 13     14 11 20  6     14 14  8 16     21 12  9 14     8  9  9 12    16 14 21  9     20 16 13 14     17 19 17 16     19 10 12 19     13 19 10 10     10 18 13 19     19  9  8 18      1  0  1  9 
  1 14  4  0     12 12 18 14     10 15 11 11     19 22  7 15      7 16 10 22      8  8  6 16      9 15  9  8      9 13 12 15     21 14 10 13     13  9 17 14     17  8  9  9     14 12 13  8     10  8  6 12     13  6 17  8      8  6 19  6      1  0  1  6 
  4 13  2  0     18 15 22 13     11 20 11 15      7 11 18 20     10 21 20 11      6 22 22 21      9 11  8  9     12 19 15 11     10 20 21 19     17 15  7  7      7 18 18 15     13 16 14 18      6 12 15 16     17  6 19 12     19 16 21  6      1  0  4 16 
  2 17  5  0     22 21 11 17     11 19  7  9     15  9 19 19     20  7 18  9     22 16 11  7     16 17 15 13     15  7 10 17     21 13 19 16      7  7 20 13     18 10 13  7     14 10 21 10     15 17  7 10     19 17  6 17     21 22 10 17      4  0  3 22 
  5 21  2  0     18 18 18 10      7 22 20 18     19 22 21 22     18 19  6 22     11  6 12 19     15 13  8  6     10 14 11 13     18 11  6 14     20 16 17 11     20 22 14 21     21  9  6 22      7 20 10  9      6 18 16 20     10 15 15 18      3  0  4 15 
  2 10  5  0     18 12 22 10    20  9 21 12    21 21  8  9      6 18  6 21     14  8  8 18      8 22  6  8     11 22 21 22      6 18  9 22     17 19 20 18     14 15 18 19      6 12 18 15     10 17 21 12    16 21 15 17    15 18 20 21      4  0  4 18 
  5  7  1  0     22 10 20  7     21 17 19 10      8 11 15 17      6 21 21 11      8  9 13 21      6  8 18  9     12  7  6  8      9 13 19  7     19 14 21 13     18 20  9 14     18 19  7 20     21 15  7 19     15  9 15 15     20 12  7  9      4  0  3 19 
  1  4  0  0     20  4  0  4     19  4  0  4     15  1  0  4     21  4  0  1     13  3  0  4     18  3  0  3      6  3  0  3     19  2  0  3     21  1  0  2      9  5  0  1      7  2  0  5      8  3  0  2     15  2  0  3      7  1  0  2      3  0  0  1 
