  0  1  3  0      0  5  7  1      0  2 10  5      0  5 21  2      0  2 13  5      0  3  6  2      0  3  8  3      0  3  6  3      0  4 15  3      0  5 16  4      0  5  6  5      0  1 19  5      0  2  7  1      0  2 14  2      0  3 19  2      0  0  2  3 
  3 18  3  0      7 21  9 18     10 21 22 21     21 11  6 21     13 10 14 11     16  9 18 10      8  6  6  9      6 10 14  6     15  6 13 10     16  8  8  6      6 19  6  8     19 15  9 19      7 18 18 15     14 16 22 18     19  9 10 16      2  0  4 15 
  3  7  3  0      9 13 19  7    22 11 12 13     6 12 19 11     14 13 15 12     18 21 15 13      6 19 16 21     14  8  8 18     13  6 17  8      8 22 19  6      6 18  9 22      9 15 17 18     18 20 21 15    22 18 22 20    10 18 18 18      4  0  4 18 
  3 15  2  0     19 22  7 15     12 18 14 22     19  6 22 18     15 13  8  6     15  6 13 13     16 12 16  6      8 14 12 12     17  6 19 12     19 13 15  6      9 12  8 13     17 22 12 12     21 21 11 22     22 15 15 21     18 19 14 15      4  0  4 19 
  2 15  2  0      7  7 17 15     14 20 17  7     22 21  6 22      8  9 13 21     13 12 15  9     16 11 21 12     18 20  7 11     19 12 18 20     15  9 15 15      8  9 15  9     12 11 11  9     11 14  6 11     13  9 17 14     14 18 20  9      4  0  3 22 
  2 16  4  0     17 11 20 16     17 16 22 11      6 19 13 16     13 11 10 19     15 17  8 11     21 12 10 17      7  6  8 12     18  6 21  6     12 10  8  6     15 11 11 10     11 10  8 11      6 19 17 10     17 20  9 19     20  8 22 16      3  0  2  8 
  4  8  1  0     20 10 18  8     22 13 18 15     13 13 18 13     10 21 17 13      8  9 21 21     10 11 16  9      8 22  8 11     21 22 19 22      8 13 16 22     11 14 12 13      8 16 22 14     17 19 17 16      9  8 18 19     22 15 12  8      2  0  1 15 
  1  7  2  0     18  9 20  7     18 11  6 14     18 13  7 11      8 14 12 13     21 20 22 14     16 11  7 20      8 17  8 11     19 17  6 17     16 15 16 17     12 12 20 15     22 20  7 12     17  8  9 20     18 14 20  8     12  9 21 14      1  0  5  9 
  2 17  1  0     20 18  6 17     13 19 10 18      7 20 18 19     12  7  9 20     22 16 11  7      7 12 10 16     8  9  9 12     6  8 18  9     16 14 17  8     20 16 13 14      7 22 12 16      9  7  7 22     20 10  9  7     21 20 11 10      5  0  3 20 
  1 21  4  0     13 19 16 21     10 20 21 19     18 17 19 20      9 10  6 17     11 22 14 10     10 20  7 22      9 20 14 20     18  7 22 20     17 20  7  7     21  6 14 20     12 22 10 18      6  8  8 22      9  9 11  8     11 19  7  9      3  0  5 19 
  4 13  3  0     16 17 15 13     21 22 10 17     19 16 16 22      6 12 15 16     14 10 16 12      7 21 17 10     14 11 11 22     22 12 20 11      8 10 10  6     14 10 21 10     10 13 19 10     13 21  9 13     11 17 22 21      7 12 14 17      5  0  4 12 
  3 14  5  0     15 15 17 14      6 12 18 15     16 13 19 12     15 11 18 13     16 19 19 11     17 22  7 19     11 22 21 22     20  8 14 22     10 13  7 18     21  7 20 13     19 21 15  7      9  6 22 21     22 16 13  6     14 14  8 16      4  0  1 14 
  5 14  4  0     17  6 11 14     18 16 20  6     19  9 14 16     18  8 20  9     19 21 21  8      7 13 11 21     21 14 10 13     18 13 16 14      7 10 17 15     20 22 14 10     15 10 17 22     14 20 13 10     13 17 16 20      8  9  9 17      1  0  1  9 
  4 15  1  0     11 12 19 15    20  9 21 12    14 21 12  9     20 18 20 21     21 17 19 10     11 18 11 17     10 15 15 18     16 14 16 13     17 17 12 14     14 12 12 18     17 12  7 12     13 17 10 12    16 21 15 17     9 16 14 21      1  0  4 16 
  1 12  3  0     19 17 18 12     21 12 19 17      7  7 11  6     20 13  7  7     19 14 21 13     11 20  6 14     15  7  9 16     16 10 22  7     12 19 19 10     10 15 17  7      7  8 16 15     10 11 16  8     15 11 20 11     14 20 15 11      4  0  4 20 
  3  2  0  0     18  1  0  2     19  4  0  1     11  5  0  4      7  2  0  5     21  1  0  2      6  1  0  1      9  5  0  1     22  3  0  5     19  4  0  3     13  2  0  4     17  5  0  2     16  5  0  5     20  5  0  5     20  1  0  5      4  0  0  1 
