  0  3  2  0      0  3  6  3      0  1 12  3      0  4 15  1      0  3 22  4      0  3  8  3      0  5 22  3      0  1  9  5      0  4  8  1      0  1 19  4      0  2  7  1      0  4 15  2      0  1 21  4      0  2 18  1      0  3 15  2      0  0  1  3 
  2  8  3  0      6 12 10  8     12 17 22 12     15 11 18 13     22 21 21 11      8  9 13 21     22 21 11 17      9 16 14 21      8 10 11 16     19 16 16 22      7 22 12 16     15 10 17 22     21 10 14 10     18 12 22 10     15  9 13 12      1  0  1  9 
  3 18  3  0     10 13  7 18    22 11 12 13    18 20  7 11     21 19 10 20     13 11 10 19     11 22 14 11     14  8 16 22     11  8 22  8     16 14 17  8     12 12 18 14     17  6 19 12     14 20 21  6    22 18 22 20    13  7 11 18      1  0  5  7 
  3 19  4  0      7  9 13 19     12 11 11  9      7 22 16 11     10 14  6  6     10 11 22 14     14 20 15 11     16 11  7 20     22 21 22 11     17 10  7 21     18  8 20 10     19 21 21  8     21  8  9 21     22  6  8  8     11 14 17  6      5  0  3 14 
  4 13  3  0     13 21  9 13     11  6 21 21     16 19  9 14      6  8  6 19     22 15 12  8     15 15  9 15      7 19 21 15     22 21 22 19      9 18  7 21     20 19 12 18     15  9 19 19      9  6 22 21      8 10 10  6     17 15  7 10      3  0  4 15 
  3  6  2  0      9 14 21 12     21 20 22 14      9 20 14 20      6 14 11 20     12  9 21 14      9 11  8  9     21  7 13 11     22 20 18  7      7  7 17 20     12 14 17  7     19 19 11 16     22  7 15 19     10 15  6 13      7  7 17 15      4  0  4 20 
  2 13  5  0     21  7 20 13     22 10 20  7     14 20 13 10     11 22 12 20     21  6 22 22      8 12  7  6     13  8 14 12     18 19  9  8     17 10  6 19     17  7 14 20     11 21 12 16      9 15  9  8      6 19 13 15     17 18 12 19      4  0  4 18 
  5 14  4  0     20 16 13 14     20 13 17 16     13 15  6 13     12 14 13 15     22 20  8 14      7 18  9 20     14  8  8 18      9 15 17 18      6 12 18 15     14 17 17 12     12  7 12 17      9 11 19  7     13 10 14 11     12 19 19 10      4  0  4 19 
  4 12  5  0     13 11 14 12     17 11 18 11      6 12 19 11     13 17 10 12      8 13  6 17      9 12  8 13     8  9  9 12    17  8  9  9     18 19  7 20     17 16 17 19     12 16  6 16     19  9 10 16     14 18 20  9     19 14 15 18      4  0  1 14 
  5 16  5  0     14 14  8 16     18 13 16 14     19 10 18 13     10 13 19 10      6 22 16 13      8 13 16 22      9 18  8 20      9 22  6 18      7 16 10 22     17 16 15 16      6 12 15 16     10 17 21 12     20 18 17 19     15 21 22 15      1  0  2 21 
  5  6  5  0      8 18  9  6     16 20  6 18     18  6 17 20     19 13 16  6     16 17 15 13     16 22 11 17      8 11  8 17      6 14 18 11     16 21 13 19     15 13 18 21     21 20 11 10     21 15 18 20     17  8 11 15     22 19  6  8      2  0  3 19 
  5 16  4  0      9 10 11 16      6  6  9  8     17  9 10  6     16 15  7  9     15 17 14 15     11 20 16 17      8 18 14 20     18 18 10 18     13 13 13 18     18 15 22 13     11 12 19 15     18  6 21  6     11 11 14  6      6  7  7 11      3  0  3  7 
  4 11  5  0     11 10 15 11      9  7 20 10     10 15 17  7      7  8 16 15     14 12 12  8     16 13 19 12     16 14 16 13     10 20 22 14     13  7  7 20     22  9  7  7     19 17 20  9     21 12 19 17     14 10 16 12      7 19 17 22      3  0  5 19 
  5 20  1  0     15 12 12 20    20  9 21 12    17 14 13  9     16 22 18 14     12 18 14 22     19  6 22 18     16  8  8  6     22 16 20  8      7 12 10 16      7  9 20 12     20 17  8  9     19 17  6 17    16 21 15 17    17 19 10 21      5  0  1 19 
  1  7  2  0     12 22 20  7     21 10 21 22     13 21 14 10      6 19 16 21     14 21 13 19     22 10 17 21      8 11 11 10     20 11 15 11     10 21 17 13     20 18 20 21     18 15  7 18      6 15 13  8     15 18 10 15     10 16  9 18      1  0  4 16 
  2  3  0  0     20  5  0  3     21  2  0  5     14  2  0  2     16  4  0  2     13  2  0  4     17  1  0  2      6  1  0  1     15  2  0  1     17  5  0  2     20  5  0  5      7  2  0  5     15  2  0  2     10  5  0  2      9  1  0  5      4  0  0  1 
