  0  1  4  0      0  1  6  1      0  4  8  1      0  5 14  4      0  1 19  5      0  5 20  1      0  1  9  5      0  2 18  1      0  5  7  2      0  5 16  5      0  5 20  5      0  4 11  5      0  1 19  4      0  2  7  1      0  2 15  2      0  0  3  2 
  4 20  4  0      6 14 11 20      8 16 22 14     14 17  8 16     19 10 21 17     20 21 19 10      9 13 13 21     18 21 15 13      7 13 11 21     16 14 18 13     20 21  6 14     11 17 22 21     19 20 18 17      8 14 22 20     15 18 19 14      3  0  3 18 
  4 18  4  0     13 13 13 18    22 11 12 13     8  9  9 11     21 14 12  9     19 17 10  6     13  6 22 16     15 13  8  6     11 14 12 13     18 20  9 14      6 18 16 20     13 15 11 18     18 20 21 15    22 18 22 20    19  7 20 18      3  0  1 12 
  4 13  2  0     13 15  6 13     12 12 20 15     14 13 15 12     12 15  9 13      7 18 18 15     10 16  9 18      8 10 11 16     12 13 17 10      9 17 14 13     22 15 10 17     11 20 11 15     21 20 18 20     22 14 21 20     20 15 11 14      1  0  4 15 
  2 17  5  0      6 11 14 17     20 16 17 11     15  7  9 16     12 10 16  7     18  8 20 10      9  9 17  8     10 16 19  9     17 19 17 16     14 21 13 19     10 21 22 21     11 11 14  6     16 17 15 13     21 22 10 17     11  7 20 16      4  0  1 14 
  5 16  4  0     14 16 13 16     17 16 15 16      9 10 11 16     16 12 14 10     20 11 22 12     17 16 22 11     19 19 11 16     17 20  9 19     13  7  7 20     22 10 20  7     14 10 21 10     15  6 13 10     10 14  6  6     20 16 13 14      1  0  4 16 
  4 19  4  0     13 11 10 19     15 17  8 11     11 18 11 17     14  8  8 18     22  6  8  8     22 22 21  6     11 22 21 22      9 22  6 18      7  9 11 19     20 17  8  9     21 12 19 17     16  6 16 12      6  9  8  6     13 19  7  9      4  0  3 19 
  4 12  5  0     10 17 21 12      8 11  8 17     11 10  8 11      8  6 12 10      8 22 19  6     21  9  6 22     21 21  8  9      6 18  6 21     11  6 14 18      8  6 19  6     19 12 17  6     16 11 21 12      8 22  8 11      7 15 19 22      3  0  4 15 
  5 19  3  0     21 21  8 19      8  9 13 21      8 18 19  9     14 12 12 18     19 15 11 12      6 12 18 15     8  9  9 12     6  8 18  9     14 12 12  8     19 19 10 12     17 22 12 12     21 22 19 22      8 13 16 22     19 16 21 13      4  0  2 16 
  3 20  5  0      8 18 14 20     13  7 11 18     19 17 22  7     12 14 17 17     11 11 22 14     18 20  7 11      9 20 14 20     18  6 17 20     12 19 11  6     10 18 13 19     12 19 17 18     13 15  6 19     16  6 12 15     21 21 11  6      2  0  5 21 
  5  9  1  0     14 16 19  9      8  8  6 16     22 15 12  8     17  7 10 15     22 12 16  7      7 12 17 12     14 17  7 12     17 20  7  7     11 10 21 20     13 21 14 10     17 10  7 21      6  8 10 10     12  7  6  8     11  6  7  7      5  0  5  6 
  1  9  1  0     19 19 15  9      6 22 18 19     12 18 14 22     10 13  7 18     16  6 19 13     17  8 13  6      7 22 16 11      7 16 10 22     21 17 13 10     14 15 15 17      7  7 17 15     10 17 15  7      6 17 19 17      7 14 20 17      5  0  3 14 
  1 21  4  0     15  7 19 21     18  9 20  7     14 21 12  9      7 20 13 21     19 12 18 20     13  8 14 12     16 14 14  8     10 20 22 14     13 10 14 20     15 15 18 10     17 18  9 15     15 22 13 18     19 16 16 22     20  8 22 16      3  0  2  8 
  4 13  3  0     19 12 16 13    20  9 21 12    12 11 11  9     13 10 14 11     18 18 18 10     14 16 22 18     14 21  9 16     22  9  7  7      8  9 15  9     18  7 21  9      9 20 12  7     13 17 16 20    16 21 15 17    22 14 10 11      2  0  2 14 
  3 19  2  0     16 21  6 19     21 11 22 21     11 10 15 11     19 10 10 13     18 12 22 10     22 20  7 12      9 18  8 20      7 22 20 18     15 15 21 22     10  9  7 20     12  8 13  9     16 15  7  8     15  9 15 15     10  6 17  9      2  0  3  6 
  2  3  0  0      6  3  0  3     22  4  0  3     15  2  0  4     10  5  0  2     22  3  0  5      7  3  0  3      8  3  0  3     15  2  0  3     21  1  0  2      7  2  0  1     13  5  0  2      7  1  0  5     15  2  0  1     17  1  0  2      3  0  0  1 
