  0  1  4  0      0  1  6  1      0  2 18  1      0  1  7  2      0  2 21  1      0  3 19  2      0  3 18  3      0  5 22  3      0  4 12  5      0  4 18  4      0  2 16  4      0  4 13  2      0  1 19  4      0  5 20  1      0  3 20  5      0  0  1  3 
  4  8  1  0      6  6  9  8     18  9 22  6      7 20 10  9     21 20 18 20     19 12 18 20     19 11  6 12     22 14 10 11     12 12  8 14     18 14 12 12     16 13 16 14     13 13 18 13     19 16 21 13     20  8 22 16     20  9 18  8      1  0  5  9 
  1 15  2  0      9 13 12 15    22 11 12 13    10 15 11 11     18 10 15 15     18  8 20 10      6 19  6  8     10 20 21 19      8 14 22 20     12 13 11 14     16 22  8 13     18 14 16 22     21 20 22 14    22 18 22 20    18 10 18 18      5  0  2 10 
  2 14  2  0     12  9 21 14     12  8 13  9     11 11 10  8     21 12 16 11     20 11 22 12      6 21 21 11     21 11 22 21     22 21 22 11     11 17 22 21      8  9 20 17     16 14 21  9     22 12 18 14     22 20  7 12     18  7 22 20      2  0  5  7 
  2 17  1  0     21 12 10 17     13  8 14 12     10 10  6  8     16  7 12 10     22 16 11  7     21  6 19 16     22 21  9  6     22 10 17 21     22  7 16 10     20 13 21  7     21 10 14 10     18 12 22 10      7  6  8 12     22 18 19  6      5  0  5  6 
  1  9  1  0     10  6 17  9     14 18 11  6      6 17 20 18     12 14 17 17      8 16 14 14     19  9 14 16      9 17  8  9     17 10  6 19     16 22 11 17     21 22 19 22     14 21 12  9     22 21 10 21      8  9 13 21     19 19 15  9      5  0  1 19 
  1 12  3  0     16  7 22 12     11 16  8 10     20 13 17 16     17 10 12 13     14 11 13 10     14 17  6 11      8 11 15 17      6  7  7 11     11 18 13  7     13 16 14 18     12 14 10 16     10 13 21 14     13 21  9 13     15 18 20 21      1  0  4 15 
  3  6  2  0     22 22 21  6      8 11  8 22     17 11 18 11     12 19 15 11     13 15  6 19      6 16 12 16     15  7  8 16      7 17 20  7     22 12 12 17     14 17  7 12     10  7 21 17     21  9 18  7      9 11  8  9     20 16 17 11      4  0  5 16 
  2  8  3  0     17  8 11  8      8 18 14  8     18 15  7 18     15 17 14 15      6 15 13  8     12 12 20 15     8  9  9 12    20  7 18  9     12 17 12  7      7 10 15 17     21 17 19 10     18  9 15 17      8 18 19  9     14 20  8 18      5  0  5 20 
  3 14  5  0     11 20  6 14     14 20  9 20      7 22 10 20     14 10 20 22     13  7 18 10     11 18 20  7      9 15  9  8     18 19 14 15     12 17  6 19     15  7  7 17     19 17 22  7     15  7 10 17     19 21 15  7      8  9 21 21      5  0  1  9 
  5 21  2  0      6 18  6 21      9  6  8 18     10 14  6  6     20 13 10 14     18 21 15 13     20 11 10 21      9 12 11 11     16 13 19 12      6 17  8 13     16 15 16 17     22  9  7  7     10 11 16  9     15 11 20 11     21  7 13 11      1  0  2  7 
  2 17  5  0      6 17 19 17      8 16 14 17      6 19 13 16     10 10 13 19     18 13 19 10     10 21 17 13     11 22 14 11     19 16 16 22      8 16 22 14      9 18 10 16      7 20 18 19     16 13 14 20     10 15  6 13     13 15  6 13      2  0  3 15 
  5 16  5  0     19  9 10 16     14 18 20  9     13 15 11 18     13 16 17 15     19 19 11 16     17 20  9 19     14  6 11 11     16  8  8  6     22 15 12  8     10 17 22 15     18 12 19 17     14 13 15 12      6 22 16 13      6  8  8 22      3  0  3  8 
  5 19  3  0     10 12 19 19    20  9 21 12    11 19  7  9     17 16 17 19     11  7 20 16      9 13 19  7     11 10 19 13      8  6 12 10     12 15 16  6     22 13 18 15     19 14 21 13     20 17  7 14    16 21 15 17     8 19 21 21      3  0  4 13 
  3  7  3  0      7 20 13  7     21  6 14 20      7  9 16 15     17 14 13  9     20 15 11 14     19 22  7 15     19  6  8 22     12 18 15  6     16 20  6 18     18 17 19 20     21 12 19 17      7  9 20 12     15 15 15  9     21 22 15 15      4  0  3 22 
  3  2  0  0     13  5  0  2     14  4  0  5     16  1  0  4     21  4  0  1     11  5  0  4      7  1  0  5     14  4  0  1     15  3  0  4      6  3  0  3     19  4  0  3     19  4  0  4     20  4  0  4     15  2  0  4     15  2  0  2      3  0  0  2 
