 0  3  2  0     0  4 13  3      0  3 19  4      0  2  8  3      0  1  7  2      0  2  7  1      0  5 21  2      0  1  9  5      0  1  6  1      0  5  7  1      0  4 11  5      0  2 16  4      0  1 15  2      0  5  9  1      0  3 14  5      0  0  2  3 
  2 18  1  0     13  7 11 18     19 17 22  7      8 16 14 17     22 18 14 16      7 22 20 18     21 21 11 22      9 16 14 21      6 19 13 16      7 20 18 19     11 15 11 20     16 15  7  9     15 21 22 15     22 19 22 21     14 15 18 19      2  0  4 15 
  1 14  4  0     11 13 10 14    22 11 12 13    14  6 11 11     14 18 11  6     12 19 17 18     21 21  8 19     14 12  9 21     19 13 11 10     18 15 22 13     11 12 19 15      7 12 17 12     22 20  7 12    22 18 22 20    18 18 10 18      4  0  4 18 
  4 13  2  0     10 15  6 13     12 14 13 15     18 13 16 14     11 14 12 13     17  6 11 14      8  8 22  6      9 15  9  8     11 18 13 15     18  9 20  7     19 19 15  9     17 20  9 19      7 11 18 20     22 14 10 11     10 21 10 14      4  0  1 21 
  2 17  5  0      6 17 19 17     13 10 21 17     16 12 14 10     12 18 14 12     11 17 11 18     22 15 10 17      9 15 15 15     13 18 21 15     20 21 20 18     15 18 20 21      9 22  6 18     18 19  6 22     10 18 13 19     20  9 14 18      1  0  1  9 
  5 19  3  0     19 11 16 19     21  7 13 11     14 20 17  7      8 14 22 20     11 20  6 14     10 18  8 20     10 13  7 18     21  9 13 13     10 16 19  9     20  8 22 16      6 16  8  8      6 12 15 16     13  8 14 12     22  8 11  8      1  0  4  8 
  3 18  3  0     16 20  6 18     13  7  7 20     17 20  7  7     22 14 10 20      6  6 10 14      8 22 19  6      7 16 10 22     13  6 22 16     19 16 21  6     22  8 13 16      8 18 14  8     15 12  8 22     14 17 17 12     11 20 16 17      4  0  4 20 
  3  8  3  0      6 19  6  8      7  9 13 19      7 20 10  9     13 21  7 20     10 21 22 21     19 10 20 21     10  6  8 10     22 21  9  6     21  8  9 21     13  6 17  8     14 20 21  6      8 18 14 20     17 19 20 18     16 16 22 19      4  0  5 16 
  3  6  3  0      6  9  8  6      8 18 19  9     10 15 15 18      7 10 17 15     15 11 11 10      6 12 19 11     8  9  9 12     9 11  8  9      9 12 11 11     17 22 12 12     21 22 11 22     14  8 16 22     14 12 12  8     22 10 18 12      5  0  2 10 
  3 22  4  0      9  7  7 22     19 21 15  7     15 19 22  7     17 10  6 19     11 16  8 10     19  9 14 16      9 17  8  9      8  9 20 17     11 19  7  9     12 16 13 19     11  7 22 16     17 21 12 10     12  9 14 21     18  7 21  9      2  0  5  7 
  4 19  4  0     13 15  6 19     15 17 14 15     22 21 11 17      6 18  6 21      8 20  9 18     18  6 17 20      8 12  7  6     20 15 12 12      7  7 17 15     13 16 17 15     14 16 13 16     12 16  6 16     14 14  8 16     21 20 22 14      5  0  3 20 
  4 15  1  0      6 12 18 15     14 11 11 22     11 10  8 11      6 17  9 10      8 11 15 17     17 16 22 11      7  7 11  6     12 14 17  7     17 19 17 16     17 21 12 19     13 19 14 21     19 10 12 19      8  6 12 10     22 22 21  6      3  0  5 22 
  1 12  3  0     18 20 19 12     11  7 20 16      8 16 15  7      9 18 10 16     15  7 18 18     22 10 20  7     11 16  9 10     17 16 15 16      7 22 12 16     12 20 11 22     14 20  9 20     12  7  9 20     12 10 16  7     21 20 11 10      5  0  5 20 
  3  6  2  0     19 12 17  6    20  9 21 12    15 17 18  9     10 12 13 17     18 14 22 12     20 13 10 14      9 12  8 13     15  9 13 12      6  8 18  9     11  8 17  8      9 13 21  8      9 17 14 13    16 21 15 17    11  6 21 21      5  0  5  6 
  2 21  1  0     17 10  7 21     21 17 19 10      7 10 15 17     13 21 14 10     22 10 17 21     10 13 19 10      8  6 15 13     13 13 15  6     18 13 13 13     17 16 20 13     21 13 19 16     14 20 16 13     15 11 14 20     21 12 16 11      5  0  4 12 
  1  3  0  0      7  3  0  3     19  2  0  3     15  2  0  2     14  2  0  2     17  1  0  2     19  4  0  1     15  3  0  4     15  2  0  3     13  5  0  2     20  1  0  5     19  5  0  1     16  5  0  5     14  4  0  5     16  1  0  4      4  0  0  1 
